  0.32308977851156245       -11.465425070112486        1998.9132180250497       -1.8910365526309157E-015   6.7468464308743199E-005
  0.34808505557152497       -11.433062910707456        1997.7486042951596       -3.9272942183903688E-015   1.3199149602173584E-004
  0.37515359045312635       -11.400539181436933        1996.5001309881509       -6.1295398196672914E-015   1.9388192720118345E-004
  0.40447828423422172       -11.367853078684853        1995.1612974388411       -8.5090774929637491E-015   2.5333610440765543E-004
  0.43625909473772384       -11.335003794868387        1993.7250650384553       -1.1084992898916917E-014   3.1039860988815726E-004
  0.47071470991202935       -11.301990518418654        1992.1838100198638       -1.3859674979100805E-014   3.6518107417718828E-004
  0.50808439323990195       -11.268812433761360        1990.5292718702531       -1.6879890406988601E-014   4.1829961965375394E-004
  0.54863001964657454       -11.235468721297332        1988.7524969457731       -2.0149182388590607E-014   4.6952314851916865E-004
  0.59263832244339487       -11.201958557382969        1986.8437768193330       -2.3696671621939300E-014   5.1888964492660249E-004
  0.64042337414887363       -11.168281114310599        1971.3914467108245       -2.7537698676143047E-014   5.6648477826605514E-004
  0.69232932660346436       -11.134435560288734        1878.5211503076482       -3.1713730040872766E-014   6.1309239878961340E-004
  0.74873343867028330       -11.100421059422256        1797.6250651619316       -3.6257987282322676E-014   6.5830606392622022E-004
  0.81004942302788530       -11.066236771692481        1719.4075903464677       -4.1191692302860158E-014   7.0208028451059098E-004
  0.87673114715430689       -11.031881852937149        1658.6514169797274       -4.6556524321618825E-014   7.4448106973128429E-004
  0.94927672762025472       -10.997355454830318        1608.8013750873447       -5.2408180090992462E-014   7.8590957002432017E-004
   1.0282330613058015       -10.962656724862155        1566.5282707591657       -5.8762125681911999E-014   8.2674149120558150E-004
   1.1142008421881138       -10.927784806318639        1529.8462675084743       -6.5687797135811891E-014   8.6645036710763720E-004
   1.2078401179839637       -10.892738838261172        1497.5232185669756       -7.3229255300698412E-014   9.0508711558432873E-004
   1.3098764472449549       -10.857517955506077        1468.6260703384785       -8.1449057726680928E-014   9.4270138581613089E-004
   1.4211077245799741       -10.822121288604031        1442.4490121400524       -9.0404955771426457E-014   9.7955581092893642E-004
   1.5424117496137848       -10.786547963819368        1418.4926531862739       -1.0017688992939999E-013   1.0163693732040265E-003
   1.6747546241905995       -10.750797103109310        1396.5756897513688       -1.1082147756613430E-013   1.0523451536947740E-003
   1.8192000723185804       -10.714867824103088        1376.1862251933055       -1.2243698408121627E-013   1.0875216076600917E-003
   1.9769197885631797       -10.678759240080970        1357.1949826624768       -1.3511945202049762E-013   1.1219363056535320E-003
   2.1492049331894667       -10.642470459953188        1339.3735516177792       -1.4896023933714304E-013   1.1556259415483393E-003
   2.3374789065022448       -10.606000588238773        1322.5935585602676       -1.6409057846186399E-013   1.1887798531334804E-003
   2.5433115507369042       -10.569348725044279        1306.6784712922531       -1.8061512396907861E-013   1.2223024120258058E-003
   2.7684349457391750       -10.532513966042425        1291.5975879336761       -1.9868659718579003E-013   1.2552304994096618E-003
   3.0147609847937766       -10.495495402450617        1277.1491572241118       -2.1845221370980812E-013   1.2875927005658854E-003
   3.2844009396098697       -10.458292121009388        1263.3571307000554       -2.4008626797499948E-013   1.3194169921169720E-003
   3.5796872489735723       -10.420903203960730        1250.0981356242601       -2.6377676941629289E-013   1.3507307461208371E-003
   3.9031977943069753       -10.383327729026320        1237.2497530227290       -2.8972177720447674E-013   1.3815607343508891E-003
   4.2577829577516173       -10.345564769385648        1224.8638587764967       -3.1814067114379327E-013   1.4119331327587157E-003
   4.6465957949021748       -10.307613393654053        1212.9295381624131       -3.4937032173834358E-013   1.4428533017303200E-003
   5.0731256954979402       -10.269472665860642        1201.0467318226913       -3.8362140763780201E-013   1.4736002106805913E-003
   5.5412359518549437       -10.231141645426108        1189.6489821986295       -4.2121462928860975E-013   1.5039729945413541E-003
   6.0552057072942018       -10.192619387140464        1178.3241061447720       -4.6247893688178807E-013   1.5339922448971372E-003
   6.6197768160923651       -10.153904941140640        1167.2014098230129       -5.0781212183786648E-013   1.5636781399029989E-003
   7.2402062134610539       -10.114997352888007        1156.2216712721533       -5.5761475372035578E-013   1.5930504463186079E-003
   7.9223244697878874       -10.075895663145779        1145.1177477466131       -6.1236004890121239E-013   1.6221285216810875E-003
   8.6726012890267796       -10.036598907956318        1134.3865388377601       -6.7256569336449442E-013   1.6509313166144627E-003
   9.4982188080541867       -9.9971061186183263        1122.9826567282005       -7.3881221168694055E-013   1.6794773772738436E-003
   10.407153663545884       -9.9574163216639402        1111.8727689263837       -8.1172152966419255E-013   1.7086975060086921E-003
   11.408268917226509       -9.9175285388357164        1099.8567138584876       -8.9203128118842272E-013   1.7379638269096184E-003
   12.511417071198720       -9.8774417870635034        1087.9604576395698       -9.8051181282554249E-013   1.7670240345704212E-003
   13.727555564750887       -9.8371550784412154        1074.2171104732174       -1.0780528825407734E-012   1.7958928804853592E-003
   15.068876325176673       -9.7966674202034980        1059.0816923542541       -1.1856297005711421E-012   1.8245848352983489E-003
   16.548951150692542       -9.7559778147022822        1039.5205994276384       -1.3043063451718197E-012   1.8531140897456171E-003
   18.182894936913925       -9.7150852593832226        672.62475768517425       -1.4353113349809731E-012   1.8814945557003150E-003
   19.987549023439222       -9.6739887467620473        663.26773305063136       -1.5799745814063666E-012   1.9097398673162682E-003
   21.981687238347572       -9.6326872644007775        654.39786712828652       -1.7398315208970633E-012   1.9378633822704236E-003
   24.186247560942043       -9.5911797948838444        646.19664976921433       -1.9165337200538713E-012   1.9658781831012125E-003
   26.624592712706004       -9.5494653157941052        638.18756246816679       -2.1119323359197001E-012   1.9937970786430164E-003
   29.322803429883216       -9.5075427996887321        630.52080789677746       -2.3281380109289428E-012   2.0220026890114895E-003
   32.310008676019073       -9.4654112140750009        623.37050299548287       -2.5674885849178850E-012   2.0508590821182067E-003
   35.618757628018649       -9.4230695213859672        616.39198790981334       -2.8325393160310070E-012   2.0796460917720293E-003
   39.285438924897122       -9.3805166789560221        609.58874782734745       -3.1262374598345918E-012   2.1083740546429569E-003
   43.350753416027963       -9.3377516389963517        603.19301995014689       -3.4518242384164840E-012   2.1370531164238578E-003
   47.860247498672805       -9.2947733485702599        597.04711958742553       -3.8129444737083876E-012   2.1656932323083793E-003
   52.864915108237099       -9.2515807495684026        591.02768235066526       -4.2136885146237850E-012   2.1943041675404722E-003
   58.421877536670365       -9.2081727786838936        585.12685645935323       -4.6585819991190854E-012   2.2228954980342444E-003
   64.595151525012056       -9.1645483673872974        579.44641992533286       -5.1527383684207237E-012   2.2514766110635362E-003
   71.456517528633768       -9.1207064419015111        574.04607273791657       -5.7019110636829754E-012   2.2800567060202040E-003
   79.086501715154711       -9.0766459231765229        568.77760425451197       -6.3125486770341266E-012   2.3086447952395533E-003
   87.575487156323362       -9.0323657268640751        563.61317355070651       -6.9918234128881015E-012   2.3372497048927340E-003
   97.024971852120714       -8.9878647632921798        558.54452054766432       -7.7478490556653857E-012   2.3658800759443826E-003
   107.54899371920601       -8.9431419374395507        553.62177468937057       -8.5897502035966548E-012   2.3945443651749547E-003
   119.27574553421172       -8.8981961489098911        548.94282166360267       -9.5277340569273441E-012   2.4232508462653643E-003
   132.34940610029466       -8.8530262919060849        544.34741241694678       -1.0573318643956197E-011   2.4525075994430625E-003
   146.93221766631302       -8.8076312552042548        539.83096253707185       -1.1739461835989956E-011   2.4822594083557651E-003
   163.20684394548891       -8.7620099221277137        535.38912391827125       -1.3040695238654547E-011   2.5120613464946102E-003
   181.37904803941291       -8.7161611705207918        531.01841596633619       -1.4493458222989431E-011   2.5419202494635111E-003
   201.68073527211010       -8.6700838727225484        526.76794243597021       -1.6116254511126915E-011   2.5718428232570675E-003
   224.37341249150023       -8.6237768955403542        522.71978722726010       -1.7929954043687966E-011   2.6018356446811824E-003
   249.75212293390740       -8.5772391002233750        518.74016615583412       -1.9958034871397902E-011   2.6319051618216810E-003
   278.14992442427541       -8.5304693424359161        514.82565641120755       -2.2227048545444614E-011   2.6620576945603934E-003
   309.94298867784494       -8.4834664722306563        510.97299820382221       -2.4767033457930724E-011   2.6922994351379443E-003
   345.55641098414719       -8.4362293340217587        507.17908396779916       -2.7611850050337893E-011   2.7226364487627918E-003
   385.47083283035806       -8.3887567665578651        503.44094837463985       -3.0799780410163053E-011   2.7530746742657382E-003
   430.22999533609322       -8.3410476028949692        499.75575908665087       -3.4374161980777297E-011   2.7836199247987677E-003
   480.44935904849848       -8.2931006703691637        496.23587232178255       -3.8384043748560147E-011   2.8142778885780315E-003
   536.82594606056034       -8.2449147905692772        492.77408711365587       -4.2884906163394983E-011   2.8450541296698470E-003
   600.14958400395676       -8.1964887793093819        489.36910583417625       -4.7939692133027653E-011   2.8760016159891716E-003
   671.31575873941108       -8.1478214466011885        486.02424960722124       -5.3619971734454772E-011   2.9073397644381140E-003
   751.34031411528611       -8.0989115966263157        482.72808904355907       -6.0011299073119821E-011   2.9388226330826772E-003
   841.37627368024823       -8.0497580277084495        479.47840521525922       -6.7201824547733609E-011   2.9704554360717146E-003
   942.73310152441377       -8.0003595322853691        476.27307103195164       -7.5296003861423577E-011   3.0022432694360138E-003
   1056.8987684263502       -7.9507148968808705        473.11004579503742       -8.4412552732689815E-011   3.0341911121288079E-003
   1185.5650462993410       -7.9008229020765688        470.01769020722014       -9.4686458961304261E-011   3.0669500830925065E-003
   1330.6565198432143       -7.8506823224835784        467.02761328342302       -1.0627122937335940E-010   3.0999486960186853E-003
   1494.3638808186342       -7.8002919267140891        464.07743232369359       -1.1934164566199571E-010   3.1331040522840818E-003
   1679.1821592247873       -7.7496504773528221        461.16540920635555       -1.3409671361896097E-010   3.1664204502803079E-003
   1887.9546489338877       -7.6987567309283804        458.28987223054105       -1.5076318590065622E-010   3.1999021040346270E-003
   2123.9234054237190       -7.6476094378844905        455.44921240124995       -1.6959962429716583E-010   3.2335531437486706E-003
   2390.7873329730064       -7.5962073425511401        452.64187994459843       -1.9090106118371128E-010   3.2673776163665491E-003
   2692.7690413510791       -7.5445491831156151        449.87837571257182       -2.1500430812703497E-010   3.3013794861720827E-003
   3034.6918415233449       -7.4926336915934399        447.15191654690938       -2.4229391366239897E-010   3.3355626354154948E-003
   3422.0684707631654       -7.4404595937992237        444.45821488544095       -2.7320945716883084E-010   3.3699308649673444E-003
   3861.2033951600051       -7.3880256093174284        441.79962374398156       -3.0825362771241060E-010   3.4044878950002496E-003
   4359.3108381335715       -7.3353304514730482        439.23874227777787       -3.4800164018901263E-010   3.4392373656974523E-003
   4924.6510346018740       -7.2823728273022308        436.70956485361756       -3.9311194724916853E-010   3.4741828379873476E-003
   5566.6876206143497       -7.2291514375228267        434.21085440020738       -4.4433893876455315E-010   3.5093277943033440E-003
   6296.2695478019177       -7.1756649765048977        431.74141644065344       -5.0254748548132859E-010   3.5446756393686446E-003
   7125.8414729950955       -7.1219121322411842        429.30009693304339       -5.6872955971051560E-010   3.5802297010047363E-003
   8069.6872300628656       -7.0678915863175611        426.88578023189268       -6.4402368545387399E-010   3.6159932309634498E-003
   9144.2117602339968       -7.0136020138834789        424.49738716241791       -7.2973722758795392E-010   3.6519694057807832E-003
   10368.267778717794       -6.9590420836224371        422.13387320019621       -8.2737263890267097E-010   3.6881613276526803E-003
   11763.534512777598       -6.9042104577224972        419.79422674932874       -9.3865751504327472E-010   3.7245720253320917E-003
   13354.957087229577       -6.8491057918468696        417.47746751272354       -1.0655796353600383E-009   3.7612044550445786E-003
   15171.256590405177       -6.7937267351046158        415.18264494858391       -1.2104274442802518E-009   3.7980615014244069E-003
   17245.522565706582       -6.7380719300214933        412.91645810193683       -1.3758373237143569E-009   3.8351459784675751E-003
   19615.901686925492       -6.6821400125110051        410.35630573600747       -1.5648484203958382E-009   3.8724606305024769E-003
   22326.398743911264       -6.6259296118457023        408.20740815879856       -1.7809662919708448E-009   3.9100081331760574E-003
   25427.808853502807       -6.5694393506288042        406.08486564178071       -2.0282372093758887E-009   3.9477910944554911E-003
   28978.803095463387       -6.5126678447662210        403.98782173575125       -2.3113345952340260E-009   3.9858854838887188E-003
   33047.193645410298       -6.4556137034390622        401.91544680195278       -2.6356595547242893E-009   4.0246178779471181E-003
   37711.409044458786       -6.3982755290767432        399.86693681707760       -3.0074584294973179E-009   4.0635780012557403E-003
   43062.215636959998       -6.3406519173308133        397.84151223826859       -3.4339596801734402E-009   4.1027682691326473E-003
   49204.727576144214       -6.2827414570496583        395.83841692462181       -3.9235338442240645E-009   4.1421910468712846E-003
   56260.755324638740       -6.2245427302542442        393.85691711193044       -4.4858803846971251E-009   4.1818486503327730E-003
   64371.551479488488       -6.1660543121151150        391.89630043764623       -5.1322461941764739E-009   4.2217433465457851E-003
   73701.023287891265       -6.1072747709308910        389.95587501323945       -5.8756811406307544E-009   4.2618773543127006E-003
   84439.493698653328       -6.0482026681085443        388.03496854134289       -6.7313370977726201E-009   4.3022528448188584E-003
   96808.107583393910       -5.9888365581457981        386.13292747524906       -7.7168185840297056E-009   4.3428719422440032E-003
   111063.99730040162       -5.9291749886160519        384.24911621851527       -8.8525935775782928E-009   4.3837367243717432E-003
   127506.34258828768       -5.8692165001562993        382.38291636259419       -1.0162475511167016E-008   4.4248492231954151E-003
   146483.48449481855       -5.8089596264586065        380.53372596057852       -1.1674188789945107E-008   4.4662114255154210E-003
   168401.28242102449       -5.7484028942658147        378.70095883530320       -1.3420033565572374E-008   4.5078252735243490E-003
   193732.93829323392       -5.6875448233722432        376.88801500956015       -1.5437666768762320E-008   4.5496926653755196E-003
   223030.55344652553       -5.6263839266303428        375.09858069320939       -1.7771020988820483E-008   4.5918154557282259E-003
   256938.73330822989       -5.5649187099643918        373.32633327735670       -2.0471386066185453E-008   4.6341954562630029E-003
   296210.61396522407       -5.5031476723925552        371.57073416630453       -2.3598683161784166E-008   4.6768344361601691E-003
   341726.75505248900       -5.4410693060588677        369.83125873773110       -2.7222966503124423E-008   4.7197341225299798E-003
   394517.42735889828       -5.3786820962769921        368.10739580331739       -3.1426194909383964E-008   4.7628962007850943E-003
   455788.92381131928       -5.3159845215879695        366.39864709720092       -3.6304322979534068E-008   4.8063223149404444E-003
   526954.64232202235       -5.2529750538345770        364.70452679171990       -4.1969771213930785E-008   4.8500140678261446E-003
   609671.83228457137       -5.1896521582554431        363.02456104012299       -4.8554346253982085E-008   4.8939730211921204E-003
   705885.06800182920       -5.1260142936026307        361.35828754615915       -5.6212695030213196E-008   4.9382006956847730E-003
   817877.71772232302       -5.0620599122871690        359.70525516072058       -6.5126394312307768E-008   4.9826985706650758E-003
   948332.92312323162       -4.9977874605578290        358.06502350602159       -7.5508795210786586E-008   5.0274680838379559E-003
   1100405.8993143162       -4.9331953787195211        356.43716262813632       -8.7610766692100153E-008   5.0725106306532142E-003
   1277809.7197852293       -4.8682821013988882        354.82125267912659       -1.0172750979005642E-007   5.1178275634301629E-003
   1484917.1763202827       -4.8030460578662160        353.21688363045848       -1.1820664768450541E-007   5.1634201901506020E-003
   1726881.8154554868       -4.7374856724245236        351.63041435492335       -1.3745783844450172E-007   5.2092897728505099E-003
   2009781.8683511796       -4.6715993648788912        350.08233762882054       -1.5996420444623280E-007   5.2554375255312747E-003
   2340791.5315709230       -4.6053855511016826        348.54653508703632       -1.8629593255115053E-007   5.3018646114880580E-003
   2728384.9483531495       -4.5388426437124121        347.02263381595782       -2.1712646928073741E-007   5.3485721399389678E-003
   3182579.3152800035       -4.4719690528948277        345.51027050666045       -2.5325181966240703E-007   5.3955611618088130E-003
   3715224.8363305419       -4.4047631873783031        344.00909140229982       -2.9561356314786770E-007   5.4428326644952989E-003
   4340350.8119770708       -4.3372234556161153        342.51875230816904       -3.4532632143903124E-007   5.4903875654043373E-003
   5074579.0421594791       -4.2693482671998533        341.04245058165520       -4.0371056466895410E-007   5.5382267040013341E-003
   5937618.0078682620       -4.2011360345571829        339.58400422114391       -4.7233182227061674E-007   5.5863508320677831E-003
   6952854.0608935738       -4.1325851749899076        338.13738001299265       -5.5304758394701043E-007   5.6349246309883687E-003
   8148059.1975494176       -4.0636941131210023        336.70226904073280       -6.4806344014880064E-007   5.6838329834832529E-003
   9556239.0446453094       -3.9944612838334881        335.27837388675397       -7.6000033165817177E-007   5.7330185444762439E-003
   11216649.596613513       -3.9248851358012633        333.86540925239467       -8.9197516623336754E-007   5.7824817498565188E-003
   13176017.196584601       -3.8549641357328324        332.46310276190007       -1.0476975283310496E-006   5.8322228579815710E-003
   15490003.476744518       -3.7846967734742525        331.07119598587695       -1.2315857779594833E-006   5.8822419175943363E-003
   18224965.738986384       -3.7140815681482833        329.68944572751730       -1.4489065246560731E-006   5.9325387288851651E-003
   21460073.899820574       -3.6431170755440716        328.31762562414463       -1.7059422980242816E-006   5.9831127962294492E-003
   25289858.050236233       -3.5718018970169756        326.95552812791271       -2.0101932516497433E-006   6.0339632708076634E-003
   29827276.385863200       -3.5001346902131885        325.60296694319351       -2.3706199664625224E-006   6.0850888809288652E-003
   35207412.345329739       -3.4281141820006584        324.25978001485100       -2.7979359114421180E-006   6.1364878473926738E-003
   41591932.982418522       -3.3557391840690682        322.92583318183972       -3.3049599268284577E-006   6.1881577806518285E-003
   49174468.770195320       -3.2830086117603097        321.60102463516029       -3.9070412839264490E-006   6.2400955558221047E-003
   58187109.253827915       -3.2099215068107583        320.30250695645975       -4.6225725258284158E-006   6.2922971607206656E-003
   68908250.508583203       -3.1364770648321527        319.02425823635400       -5.4736084942338430E-006   6.3447575110702151E-003
   81672080.745865583       -3.0626746685343127        317.75664334437198       -6.4866138111275599E-006   6.3974702257222401E-003
   96880051.456486344       -2.9885139279067312        316.49974115694079       -7.6933657344782038E-006   6.4504273532148357E-003
   115014755.32498878       -2.9139947288345796        315.25370088547805       -9.1320448875500808E-006   6.5036190391105147E-003
   136656721.28664312       -2.8391172919367462        314.01875547885959       -1.0848553033908533E-005   6.5570331213164329E-003
   162504744.39889354       -2.7638822437890762        312.79523786761166       -1.2898105005872693E-005   6.6106546379094836E-003
   193400496.89659736       -2.6882907031463996        311.58360064104255       -1.5347151271478532E-005   6.6644652287911974E-003
   230358320.44071713       -2.6123443853145063        310.38443986623406       -1.8275698612259720E-005   6.7184424087403547E-003
   274601281.87553257       -2.5360457284610076        309.19852389526858       -2.1780109109232864E-005   6.7725586850519203E-003
   327604789.42097050       -2.4593980464046190        308.02682816545456       -2.5976472149628713E-005   6.8267804879210935E-003
   391149316.25177056       -2.3824057132966292        306.87057717655688       -3.1004660379730239E-005   6.8810668760894622E-003
   467384065.68167031       -2.3050743866124219        305.73485212494609       -3.7033198091801584E-005   6.9353679741248949E-003
   558903736.04563880       -2.2274112760025031        304.62456644294639       -4.4265088711019701E-005   6.9896230913096876E-003
   668840898.95346487       -2.1494254667941464        303.53664028173773       -5.2944765471314983E-005   7.0437584659528308E-003
   800976880.00827217       -2.0711283082446541        302.47380579574548       -6.3366343745544103E-005   7.0976845738541716E-003
   959874403.62094307       -1.9925338779454032        301.43939269029585       -7.5883361161253131E-005   7.1512929369250636E-003
   1151035594.1637769       -1.9136595349251466        300.43744381981503       -9.0920186998409843E-005   7.2044523696965504E-003
   1381089151.6505463       -1.8345265747812665        299.47285022374916       -1.0898525718713806E-004   7.2570046105995666E-003
   1658010545.4546785       -1.7551610002423312        298.55150718403564       -1.3068623380974422E-004   7.3087593058200253E-003
   1991378753.7068396       -1.6755944194416887        297.68049207852971       -1.5674708239153223E-004   7.3594883520836261E-003
   2392672221.5270991       -1.5958650811685213        296.86826338791479       -1.8802688568788828E-004   7.4089196685941505E-003
   2875605053.6415200       -1.5160190505339119        296.12487795249285       -2.2553994386987706E-004   7.4567305667879290E-003
   3456501661.9486122       -1.4361115186760809        295.46222020244875       -2.7047632015683010E-004   7.5025410297257442E-003
   4154703766.8763518       -1.3562082249707339        294.89423234520473       -3.2422145264361240E-004   7.5459074097154006E-003
   4992997405.5418186       -1.2763869483238952        294.43712822968712       -3.8837275415332491E-004   7.5863173070126744E-003
   5998039124.2489386       -1.1967389944451134        294.10956591168639       -4.6475027789506606E-004   7.6231866964799585E-003
   7200749788.1616936       -1.1173705684039477        293.93274538132505       -5.5539760561502754E-004   7.6558606943453065E-003
   8636631914.0021305       -1.0384038779851139        293.93038980035703       -6.6256826679904053E-004   7.6836196432275320E-003
   10345953463.789965      -0.95997776809503399        294.12856326694720       -7.8869248048309473E-004   7.7056923387562601E-003
   12373730138.833481      -0.88224764853957927        294.55527900322653       -9.3631919702335240E-004   7.7212780826659624E-003
   14769433186.332294      -0.80538446020847299        295.23986307534881       -1.1080297476181236E-003   7.7295786617567240E-003
   17586355338.880001      -0.72957244471824279        296.21206398008792       -1.3063222745989523E-003   7.7298401873613981E-003
   20880588400.097179      -0.65500555609964894        297.50093881142220       -1.5334706433314152E-003   7.7214029701056421E-003
   24709604799.564880      -0.58188248927195596        299.13359828025585       -1.7913673357310260E-003   7.7037554475127704E-003
   29130490419.104748      -0.51040049256561004        301.13394463112201       -2.0813658041500733E-003   7.6765860953550442E-003
   34197939221.459141      -0.44074835258826595        303.52157130027587       -2.4041422031834876E-003   7.6398259206407531E-003
   39962177825.905739      -0.37309914068880534        306.31099263428115       -2.7595974305163339E-003   7.5936742418300481E-003
   46467023632.780960      -0.30760343334570550        309.50858175725961       -3.1468167353137328E-003   7.5386023791058285E-003
   53748280039.205475      -0.24438371745259213        313.10191448523767       -3.5640959339206372E-003   7.4753333770253821E-003
   61832632560.142822      -0.18353055147963504        317.08261869370261       -4.0090323217767789E-003   7.4048001025212870E-003
   70737138217.658493      -0.12510080294440479        321.46046421218080       -4.4786676410429171E-003   7.3280877985670298E-003
   80469315115.022690       -6.9117983706292574E-002   326.19426661304232       -4.9696628876484943E-003   7.2463717383365409E-003
   91027760548.227600       -1.5574430298520741E-002   331.23577479326991       -5.4784820575264868E-003   7.1609150037934789E-003
   102403170820.82214        3.5565115669454590E-002   336.56677997078077       -6.0015641341726687E-003   7.0728181364783094E-003
   114579611480.19336        8.4359056586767400E-002   342.17124060444797       -6.5354682466667157E-003   6.9831730608247633E-003
   127535890882.78314       0.13088413150091180        348.00128351463326       -7.0769838909033808E-003   6.8929684040071873E-003
   141246914409.60324       0.17523068056240104        354.00896316566025       -7.6232045461894216E-003   6.8030738528979829E-003
   155684930885.47766       0.21749828949593494        360.15053056005439       -8.1715677996621397E-003   6.7142356445340379E-003
   170820617842.48987       0.25779199962546634        366.41745839486504       -8.7198678702200428E-003   6.6270803437474442E-003
   186623982362.98193       0.29621916387531305        372.80685365688106       -9.2662474349316203E-003   6.5421240163277038E-003
   203065076706.06967       0.33288695080393438        379.31707908035821       -9.8091754123316843E-003   6.4597842412472259E-003
   220164369655.42941       0.36799874747721290        385.85818406995350       -1.0345074585091712E-002   6.3789489107939999E-003
   237852072960.26669       0.40155865208265668        392.41118110893922       -1.0875052835738357E-002   6.3013439603541912E-003
   256097374823.77045       0.43365683795948112        399.04349553410316       -1.1398548976747074E-002   6.2272635840788610E-003
   274874339100.55505       0.46438590945450980        405.75682028566308       -1.1915024756581974E-002   6.1568364071088576E-003
   294158549103.03998       0.49383318605649862        411.83433405012784       -1.2424100558768551E-002   6.0903639692554126E-003
   313927143701.74762       0.52208057987263035        418.37647693384139       -1.2925527684961673E-002   6.0280694485436576E-003
   334158809294.70691       0.54920462603068620        424.88725823482253       -1.3419164181140834E-002   5.9698154035968537E-003
   354833740646.69727       0.57527662087001252        431.29530002934911       -1.3904954113007626E-002   5.9156202177250592E-003
   375933580759.39062       0.60036283265864709        437.68919872504756       -1.4382910039808199E-002   5.8654600544062159E-003
   397441347528.64502       0.62452475793127216        444.04755548973270       -1.4853098357397010E-002   5.8192610268409904E-003
   419341352978.90918       0.64781940337274535        450.37952546647409       -1.5315627154692502E-002   5.7768898239650441E-003
   441619119299.59406       0.67029957860629719        456.69406284025195       -1.5770636233123841E-002   5.7381441572409621E-003
   464261294689.20325       0.69201418947662285        462.99830654979178       -1.6218288962458641E-002   5.7027448243080672E-003
   487255571080.86804       0.71300852465224940        469.15551111067310       -1.6658765679307429E-002   5.6703314694594694E-003
   510590605121.94470       0.73332453080275495        475.24588958788064       -1.7092258370707315E-002   5.6404640985605499E-003
   534255943261.57013       0.75300107340488431        481.29952454095508       -1.7518966420915792E-002   5.6126319410920123E-003
   558241951422.47168       0.77207418154006502        487.32392899470079       -1.7939093232889659E-002   5.5862702997860553E-003
   582539749463.53296       0.79057727598027905        493.33506952044439       -1.8352843565900133E-002   5.5607846966562544E-003
   607141150451.04822       0.80854138051184410        499.31244537042187       -1.8760421457006762E-002   5.5398276881209107E-003
   632038604628.57507       0.82599531688939565        505.25488618952880       -1.9162028616720509E-002   5.5242014634073787E-003
   657225147891.81909       0.84296588410062379        511.06461069468321       -1.9557863208382997E-002   5.5091052118953184E-003
   682694354523.90479       0.85947802279833785        516.81694656411253       -1.9948128825022626E-002   5.4938878723269097E-003
   708440293918.54871       0.87555496585199144        522.56711413255118       -2.0334661377069779E-002   5.4779416235287235E-003
   734457491007.17969       0.89121837600964859        528.27497522270880       -2.0715942224015339E-002   5.4607323461456246E-003
   760740890105.89331       0.90648847166115620        533.94594825483648       -2.1092149730412898E-002   5.4418229992797239E-003
   787285821905.54102       0.92138414166685323        539.58438806726463       -2.1463456236829093E-002   5.4261683598903973E-003
   814087973340.53931       0.93592305017294908        545.24180612565465       -2.1830027959004985E-002   5.4177348315369396E-003
   841187563956.48462       0.95014455477879722        550.87649560339185       -2.2190858790938871E-002   5.4070858039779769E-003
   868591795581.93933       0.96406743413869067        556.36517311492730       -2.2545875965211751E-002   5.3938115868199634E-003
   896243941149.77161       0.97767794402697383        561.79088230497621       -2.2896655557345661E-002   5.3780153002833606E-003
   924140805384.88525       0.99098985820459373        567.18554402123391       -2.3243339193839949E-002   5.3595630128893358E-003
   952279437731.42834        1.0040161181368026        572.66537904168445       -2.3586062701936247E-002   5.3384272286493718E-003
   980657114521.48572        1.0167688947116522        578.10743310599935       -2.3924956295555577E-002   5.3304373282646389E-003
   1009271322660.1125        1.0292596447149895        583.51503373105174       -2.4260144772081309E-002   5.3205254787952331E-003
   1038119744687.2361        1.0414991625444507        588.89093603364756       -2.4591747715507442E-002   5.3076772629555924E-003
   1067200245089.9579        1.0534976275999961        594.31728272135592       -2.4919879702433777E-002   5.2918893188497766E-003
   1096510857750.6940        1.0652646477472345        599.80423455252765       -2.5244650508167862E-002   5.2732448274454904E-003
   1126049774427.4951        1.0768092992121139        605.19833134464159       -2.5566165310820423E-002   5.2518946031394967E-003
   1155815334172.7837        1.0881401632312473        610.51896620250238       -2.5884524891787653E-002   5.2369819514907889E-003
   1185806013605.7485        1.0992653597510478        615.81136262803898       -2.6199825831420494E-002   5.2273293551272177E-003
   1216020417961.7661        1.1101925784406772        621.31272255688680       -2.6512160699003594E-002   5.2146270213966756E-003
   1246457272849.5781        1.1209291072583631        626.78041595564468       -2.6821618236432435E-002   5.1990067142626828E-003
   1277115416653.5881        1.1314818587876847        984.43664893442804       -2.7128283535178429E-002   5.1806536932038350E-003
   1307993793524.6406        1.1418573945397059        1012.5409979567786       -2.7432238206299826E-002   5.1597895295598427E-003
   1339091446908.0176        1.1520619473981866        1025.5403283449946       -2.7733560543382486E-002   5.1366570948678967E-003
   1370407513562.2651        1.1621014423682878        1035.8246860955674       -2.8032325678397304E-002   5.1253656508009251E-003
   1401941218026.8381        1.1719815157740616        1044.1083848039652       -2.8328605730537075E-002   5.1136253518230777E-003
   1433691867500.4717        1.1817075330363780        1051.5570983015609       -2.8622469948155895E-002   5.0991023706817113E-003
   1465658847095.7617        1.1912846051506758        1058.8683695690224       -2.8913984843978210E-002   5.0820155904893801E-003
   1497841615438.6213        1.2007176039728695        1064.7988222942654       -2.9203214323777198E-002   5.0626029654177356E-003
   1530239700584.1582        1.2100111764117802        1070.5840286092189       -2.9490219808745069E-002   5.0411100979072939E-003
   1562852696223.1162        1.2191697576174778        1076.3229691899539       -2.9775060351792320E-002   5.0177813424644039E-003
   1595680258155.3792        1.2281975832468355        1081.8765875496081       -3.0057792748024038E-002   5.0050373412525917E-003
   1628722101009.1196        1.2370987008802790        1086.6824032435536       -3.0338471639643313E-002   4.9926608678652834E-003
   1661977995186.1123        1.2458769806571248        1091.4484165721635       -3.0617149615535282E-002   4.9778270275375050E-003
   1695447764015.4385        1.2545361251909435        1096.1761695536470       -3.0893877305780391E-002   4.9607686829237592E-003
   1729131281099.3652        1.2630796788209917        1100.8670201325947       -3.1168703471342697E-002   4.9417214172606319E-003
   1763028467836.6030        1.2715110362508932        1105.3485773645486       -3.1441675089173983E-002   4.9209164031253317E-003
   1797142218499.5439        1.2798341580502737        1109.4275715203396       -3.1712785775478820E-002   4.8985673023407769E-003
   1831575054317.5864        1.2880764311815509        1113.4532469132494       -3.1980290792307763E-002   4.8789855886786360E-003
   1866222586877.1438        1.2962151526753332        1117.4033858919440       -3.2246094184201053E-002   4.8670724680210378E-003
   1901084897758.4392        1.3042532231067197        1121.3003903361787       -3.2510236023465929E-002   4.8529479080362588E-003
   1936162106790.5791        1.3121934274518963        1125.1668372243053       -3.2772754978758319E-002   4.8368345258616432E-003
   1971454370357.0354        1.3200384409955046        1128.9085397097338       -3.3033688376864823E-002   4.8189514564049643E-003
   2006961879807.0747        1.3277908348740750        1132.3558091982688       -3.3293072261334600E-002   4.7995094751091009E-003
   2042684859965.5586        1.3354530812815053        1135.7748251273858       -3.3550941448131463E-002   4.7787076930222317E-003
   2078623567734.2056        1.3430275583604758        1139.1663950931879       -3.3807329578473211E-002   4.7567315262277941E-003
   2114778290777.8835        1.3505165548017859        1142.5312493469003       -3.4062269169012019E-002   4.7376642852471835E-003
   2151149346290.0747        1.3579222741718631        1145.8700502637591       -3.4315791659502687E-002   4.7256013803351413E-003
   2187737079832.0708        1.3652468389871091        1149.1834005610233       -3.4567927458098113E-002   4.7116534443843606E-003
   2224541864240.9028        1.3724922945522966        1152.4718504420712       -3.4818705984402273E-002   4.6960237094022233E-003
   2261564098601.3687        1.3796606125789128        1155.5197583132488       -3.5068155710403670E-002   4.6789068767981255E-003
   2298804207277.9058        1.3867536945981287        1158.5113472435291       -3.5316304199405957E-002   4.6604864266350582E-003
   2336262639002.3662        1.3937733751819701        1161.4794174666670       -3.5563178143064915E-002   4.6409330076508815E-003
   2373939866014.0215        1.4007214249852413        1164.4213916244098       -3.5808803396635919E-002   4.6204036619259719E-003
   2411836383248.4380        1.4075995536198347        1167.2932666106758       -3.6053205012527394E-002   4.5990416690191282E-003
   2449952707572.0840        1.4144094123721880        1170.1429730852296       -3.6296407272253417E-002   4.5852841713739309E-003
   2488289377059.7666        1.4211525967738812        1172.9709633771579       -3.6538433716871654E-002   4.5725883453703580E-003
   2526846950312.2031        1.4278306490346331        1175.7776563934560       -3.6779307175986896E-002   4.5583784761316238E-003
   2565626005811.2314        1.4344450603462979        1178.5634412067463       -3.7019049795397600E-002   4.5428292663072019E-003
   2604627141310.3296        1.4409972730658531        1181.1579038367938       -3.7257683063457656E-002   4.5261042493436312E-003
   2643850973258.2939        1.4474886827848044        1183.7285439182606       -3.7495227836221147E-002   4.5083547954917055E-003
   2683298136254.0635        1.4539206402919160        1186.2792742560498       -3.7731704361433860E-002   4.4897197495653790E-003
   2722969282530.8184        1.4602944534357016        1188.8104794478422       -3.7967132301431721E-002   4.4703255281370426E-003
   2762865081467.6157        1.4666113888926566        1191.3225181633557       -3.8201530755005583E-002   4.4502865356205535E-003
   2802986219126.9414        1.4728726738468236        1193.8157257768903       -3.8434918278281029E-002   4.4357613564893778E-003
   2843333397816.6523        1.4790794975858905        1196.2904167010872       -3.8667312904669272E-002   4.4236649607858674E-003
   2883907335674.9253        1.4852330130186835        1198.7468864586199       -3.8898732163932595E-002   4.4102702017076376E-003
   2924708766276.8511        1.4913343381185835        1201.1854135236870       -3.9129193100412248E-002   4.3957288620117161E-003
   2965738438261.4932        1.4973845572971138        1203.6062609609794       -3.9358712290459043E-002   4.3801817674105799E-003
   3006997114978.2109        1.5033847227116468        1205.9624109328010       -3.9587305859108572E-002   4.3637584049395139E-003
   3048485574151.2114        1.5093358555109468        1208.2252619837839       -3.9814989496038088E-002   4.3465769668321929E-003
   3090204607561.2983        1.5152389470220056        1210.4450317448313       -4.0041778470839964E-002   4.3287446926703584E-003
   3132155020743.8760        1.5210949598814243        1212.6361020446152       -4.0267687647646745E-002   4.3103584088898658E-003
   3174337632702.3350        1.5269048291143763        1214.8107546538945       -4.0492731499139907E-002   4.2915051881879194E-003
   3216753275635.9951        1.5326694631640105        1216.9692508503765       -4.0716924119970549E-002   4.2795823184870003E-003
   3259402794681.7998        1.5383897448739574        1219.1118381306319       -4.0940279239622110E-002   4.2677017785037914E-003
   3302287047669.0684        1.5440665324264571        1221.2387514242071       -4.1162810234742699E-002   4.2547571120827368E-003
   3345406904886.6050        1.5497006602384580        1223.3502141843655       -4.1384530140970120E-002   4.2408755553396049E-003
   3388763248861.5195        1.5552929398179030        1225.4464393691430       -4.1605451664275463E-002   4.2261740822140551E-003
   3432356974149.1670        1.5608441605822789        1227.5276303247579       -4.1825587191848528E-002   4.2107594964053167E-003
   3476190667130.8359        1.5663553005302473        1229.5938197719454       -4.2044928482773740E-002   4.1947267448491079E-003
   3520370753001.6255        1.5718401155349735        1231.6351131647359       -4.2262221111195271E-002   4.1780383547074685E-003
   3564791704624.8877        1.5772858698315260        1233.5919775717227       -4.2478773654240840E-002   4.1609038063083531E-003
   3609454462916.8848        1.5826932783887611        1235.5177015802317       -4.2694597128409215E-002   4.1433938975205158E-003
   3654359980025.2427        1.5880630374574836        1237.4293988182774       -4.2909702284755331E-002   4.1290091529880158E-003
   3699509219171.2227        1.5933958252089870        1239.3272617510597       -4.3124099617276236E-002   4.1180187977252836E-003
   3744903154499.9619        1.5986923023469182        1241.2114746127431       -4.3337799370972326E-002   4.1060837873600001E-003
   3790542770938.2612        1.6039531126937678        1243.0822140525672       -4.3550811549599576E-002   4.0933160947227223E-003
   3836429064059.5742        1.6091788837532333        1244.9396497204236       -4.3763145923126502E-002   4.0798184332765655E-003
   3882563039955.8584        1.6143702272496177        1246.7839447981364       -4.3974812034909570E-002   4.0656844479410462E-003
   3928945715115.9443        1.6195277396453733        1248.6152564819890       -4.4185819208597737E-002   4.0509990920745264E-003
   3975578116310.1494        1.6246520026378308        1250.4337364214250       -4.4396176554780689E-002   4.0358391231685000E-003
   4022461280480.8315        1.6297435836361014        1252.2219083599077       -4.4605892977389400E-002   4.0202736659826479E-003
   4069596254638.6094        1.6348030362190855        1253.9878353804963       -4.4814977179861402E-002   4.0043648053569312E-003
   4116984095764.0000        1.6398309005754703        1255.7414417403807       -4.5023437671080621E-002   3.9881681817970898E-003
   4164625870714.2305        1.6448277039265489        1257.4828666950280       -4.5231282771101597E-002   3.9741347586740063E-003
   4212522656134.9766        1.6497939609326546        1259.2122451370467       -4.5438520616665819E-002   3.9638199061914946E-003
   4260675538376.8545        1.6547301740839615        1260.8785688081157       -4.5645159166521607E-002   3.9526936361347943E-003
   4309085613416.3716        1.6596368340763514        1262.5232546634013       -4.5851206206553738E-002   3.9408520545482304E-003
   4357753986781.2578        1.6645144201730337        1264.1563225266198       -4.6056669354731516E-002   3.9283830296402405E-003
   4406681773479.8936        1.6693634005525444        1265.7779116148315       -4.6261556065882732E-002   3.9153664804630573E-003
   4455870097934.7158        1.6741842326437357        1267.3881565223874       -4.6465873636300753E-002   3.9018747897470152E-003
   4505320093919.3887        1.6789773634483278        1268.9871875252463       -4.6669629208192211E-002   3.8879732910964346E-003
   4555032904499.6445        1.6837432298515693        1270.5751308601734       -4.6872829773969796E-002   3.8737207932753328E-003
   4605009681977.5645        1.6884822589215243        1272.1521089811188       -4.7075482180400190E-002   3.8591701146172392E-003
   4655251587839.2334        1.6931948681974749        1273.7182407948724       -4.7277593132608549E-002   3.8443686087208215E-003
   4705759792705.5869        1.6978814659679120        1275.2736418778584       -4.7479169197948021E-002   3.8293586689055769E-003
   4756535476286.3105        1.7025424515385519        1276.8184246757648       -4.7680216809739551E-002   3.8174273571342510E-003
   4807579827336.7383        1.7071782154908086        1278.3526986875215       -4.7880742270887046E-002   3.8075597525860671E-003
   4858894043617.5244        1.7117891399311149        1279.8765706350180       -4.8081054444272575E-002   3.7970174716360173E-003
   4910479331857.0996        1.7163755987314850        1281.3901446197917       -4.8281115382652423E-002   3.7858810316677280E-003
   4962336907716.7070        1.7209379577616746        1282.8935222678178       -4.8480671179740358E-002   3.7742237666525298E-003
   5014467995757.9561        1.7254765751132870        1284.3868028634233       -4.8679727708372728E-002   3.7621121845944714E-003
   5066873829412.8379        1.7299918013161604        1285.8700834732408       -4.8878290725563649E-002   3.7496063964267104E-003
   5119555650956.0137        1.7344839795473428        1287.3417916161870       -4.9076365875519799E-002   3.7367605820646764E-003
   5172514711479.4004        1.7389534458329612        1288.7633640382201       -4.9273958692558448E-002   3.7236234685555062E-003
   5225752270868.8730        1.7434005292432675        1290.1752608469740       -4.9471074603933594E-002   3.7102388026448254E-003
   5279269597783.0859        1.7478255520811357        1291.5775820526983       -4.9667718932571533E-002   3.6966458058569573E-003
   5333067969634.2930        1.7522288300642708        1292.9574307318787       -4.9863896899719887E-002   3.6828796045450486E-003
   5387148672571.0781        1.7566106725013715        1294.3220435059513       -5.0059613627514987E-002   3.6690015884811070E-003
   5441513001462.9941        1.7609713824624971        1295.6774463102790       -5.0254874141467967E-002   3.6600790979154142E-003
   5496162259886.9590        1.7653112569438467        1297.0237319753130       -5.0449683372875129E-002   3.6505397652280328E-003
   5551097760115.4463        1.7696305870271871        1298.3609911745264       -5.0644046161153006E-002   3.6404559229136100E-003
   5606320823106.2900        1.7739296580341160        1299.6893125326344       -5.0837967256103372E-002   3.6298934703666952E-003
   5661832778494.1787        1.7782087496753738        1301.0087827263451       -5.1031451320107023E-002   3.6189121978664517E-003
   5717634964583.6670        1.7824681361953825        1302.3194865782391       -5.1224502930254726E-002   3.6075661724054692E-003
   5773728728343.7539        1.7867080865121998        1303.6215071443128       -5.1417126580409749E-002   3.5959041555397261E-003
   5830115425403.8701        1.7909288643530501        1304.9149257956803       -5.1609326683213705E-002   3.5839700313651940E-003
   5886796420051.3320        1.7951307283856106        1306.1998222948760       -5.1801107572028042E-002   3.5718032291427856E-003
   5943773085230.1660        1.7993139323452012        1307.4762748671760       -5.1992473502821351E-002   3.5594391301145703E-003
   6001046802541.2344        1.8034787251580313        1308.7443602673172       -5.2183428655999675E-002   3.5469094518762010E-003
   6058618962243.7070        1.8076253510606519        1310.0041538419500       -5.2373977138183626E-002   3.5342426064932883E-003
   6116490963257.7021        1.8117540497157438        1311.2557295881545       -5.2564122983935369E-002   3.5214640306372087E-003
   6174664213168.2402        1.8158650563243874        1312.4991602082994       -5.2753870157432242E-002   3.5117980023402708E-003
   6233140128230.2852        1.8199586017349247        1313.7345171615200       -5.2943222554095476E-002   3.5030309362239567E-003
   6291920133375.0000        1.8240349125485522        1314.9618707120562       -5.3132184002171137E-002   3.4937783240223271E-003
   6351005662217.0391        1.8280942112217469        1316.1608096323073       -5.3320758264266285E-002   3.4840983309660590E-003
   6410398157062.9990        1.8321367161656510        1317.3444259370922       -5.3508949038841236E-002   3.4740437119499088E-003
   6470099068920.8506        1.8361626418425103        1318.5202916369549       -5.3696759961661067E-002   3.4636621644782116E-003
   6530109857510.3994        1.8401721988592790        1319.6884776978034       -5.3884194607204443E-002   3.4529967057042223E-003
   6590431991274.7812        1.8441655940584833        1320.8490537708701       -5.4071256490035670E-002   3.4420860554338520E-003
   6651066947392.8652        1.8481430306064452        1322.0020882461315       -5.4257949066137415E-002   3.4309650123095599E-003
   6712016211792.6270        1.8521047080789503        1323.1476483025012       -5.4444275734206155E-002   3.4196648145756190E-003
   6773281279165.4199        1.8560508225444536        1324.2857999550424       -5.4630239836914105E-002   3.4082134800325313E-003
   6834863652981.1309        1.8599815666449018        1325.4166080993939       -5.4815844662134856E-002   3.3966361221559535E-003
   6896764845504.2383        1.8638971296742608        1326.5401365536138       -5.5001093444136256E-002   3.3849552410667705E-003
   6958986377810.6572        1.8677976976548147        1327.6564480976190       -5.5185989364743379E-002   3.3731909892575447E-003
   7021529779805.4668        1.8716834534113236        1328.7656045103806       -5.5370535554465625E-002   3.3638236191157636E-003
   7084443963352.8105        1.8755574807453510        1329.8651839289182       -5.5554363603519265E-002   3.3556369801800942E-003
   7147741434850.2812        1.8794205450707770        1330.9547223993911       -5.5737397299398368E-002   3.3470005999855271E-003
   7211366026824.2617        1.8832692508651756        1332.0373229636396       -5.5920094792509471E-002   3.3379926743626540E-003
   7275319306914.3750        1.8871037701409048        1333.1019057544577       -5.6102458965040236E-002   3.3286589978432433E-003
   7339602851715.9766        1.8909242720257298        1334.1586984518894       -5.6284492654049369E-002   3.3190409445337430E-003
   7404218246802.1836        1.8947309228262676        1335.2087829677387       -5.6466198652408713E-002   3.3091758091476197E-003
   7469167086746.5488        1.8985238860897036        1336.2522150453285       -5.6647579709719099E-002   3.2990971491036070E-003
   7534450975146.5156        1.9023033226638433        1337.2890496230809       -5.6828638533201734E-002   3.2888351176739096E-003
   7600071524647.5137        1.9060693907555502        1338.3193408593179       -5.7009377788569633E-002   3.2784167815433510E-003
   7666030356967.6855        1.9098222459876142        1339.3431421558137       -5.7189800100874509E-002   3.2678664187013855E-003
   7732329102923.3340        1.9135620414541119        1340.3605061801659       -5.7369908055332756E-002   3.2572057945123240E-003
   7798969402454.9570        1.9172889277742988        1341.3714848870729       -5.7549704198132469E-002   3.2464544151454104E-003
   7865952904653.9287        1.9210030531450804        1342.3761295385705       -5.7729191037216541E-002   3.2356297585395396E-003
   7933281267789.8047        1.9247045633921103        1343.3744907233024       -5.7908371043049370E-002   3.2247474836751950E-003
   8000956159338.1904        1.9283936020195525        1344.3512163719013       -5.8087246649364752E-002   3.2163277434068228E-003
   8068979256009.2559        1.9320703102585561        1345.3195968723612       -5.8265820253891147E-002   3.2086102060294975E-003
   8137352243776.8086        1.9357348271144754        1346.2818796830834       -5.8444094219064956E-002   3.2005324912485430E-003
   8206076817907.9023        1.9393872894128765        1347.2381151547843       -5.8622070872721706E-002   3.1921378947149365E-003
   8275154682993.0781        1.9430278318443710        1348.1883529173379       -5.8799752508772896E-002   3.1834655944498855E-003
   8344587552977.0898        1.9466565870083050        1349.1326419013042       -5.8977141387865271E-002   3.1745509500898314E-003
   8414377151190.2402        1.9502736854553462        1350.0710303584167       -5.9154239738024472E-002   3.1654258096149536E-003
   8484525210380.1543        1.9538792557289943        1351.0035658810884       -5.9331049755284256E-002   3.1561188126859258E-003
   8555033472744.2197        1.9574734244060539        1351.9302954209988       -5.9507573604299105E-002   3.1466556830960254E-003
   8625903689962.3682        1.9610563161360945        1352.8512653068178       -5.9683813418942633E-002   3.1370595055176757E-003
   8697137623230.5537        1.9646280536799363        1353.7665212611084       -5.9859771302893057E-002   3.1273509836838263E-003
   8768737043294.5605        1.9681887579471755        1354.6761084164657       -6.0035449330203730E-002   3.1175486786486953E-003
   8840703730484.4766        1.9717385480328005        1355.5800713309302       -6.0210849545860527E-002   3.1076692267933510E-003
   8913039474749.4824        1.9752775412528960        1356.4784540027222       -6.0385973966325425E-002   3.0977275379805319E-003
   8985746075693.2656        1.9788058531794921        1357.3712998843266       -6.0560824580069388E-002   3.0877369747170794E-003
   9058825342609.8633        1.9823235976745588        1358.2586518959733       -6.0735403348091806E-002   3.0777095135038055E-003
   9132279094519.9180        1.9858308869231842        1359.1405524385457       -6.0909712204427598E-002   3.0706566662935214E-003
   9206109160207.4824        1.9893278314659544        1360.0170434059448       -6.1083753056643028E-002   3.0633567324708649E-003
   9280317378257.2363        1.9928145402305606        1360.8881661969403       -6.1257527786320688E-002   3.0557551035386042E-003
   9354905597092.1895        1.9962911205626537        1361.7539617265397       -6.1431038249531555E-002   3.0478884076030489E-003
   9429875675011.7793        1.9997576782559665        1362.6144704368976       -6.1604286277300843E-002   3.0397897363940969E-003
   9505229480230.4668        2.0032143175817283        1363.4697323077917       -6.1777273676058168E-002   3.0314889178629928E-003
   9580968890916.7695        2.0066611413173883        1364.3197868666869       -6.1950002228079552E-002   3.0230127897840717E-003
   9657095795232.6758        2.0100982507746639        1365.1646731984124       -6.2122473691922336E-002   3.0143854664376906E-003
   9733612091373.5469        2.0135257458269460        1366.0044299544668       -6.2294689802845166E-002   3.0056285930548233E-003
   9810519687608.4004        2.0169437249360569        1366.8390953619776       -6.2466652273222630E-002   2.9967615847290444E-003
   9887820502320.6895        2.0203522851784057        1367.6687072323227       -6.2638362792950805E-002   2.9878018479711803E-003
   9965516464049.3965        2.0237515222705311        1368.4933029694425       -6.2809823029841477E-002   2.9787649842253523E-003
