  0.36438561E-01 -0.10252899E+02  0.13334905E+04  0.56667968E-10  0.90069025E-04 -0.89002099E+02
  0.39834836E-01 -0.10214198E+02  0.13318112E+04  0.11401636E-09  0.17451552E-03 -0.88960691E+02
  0.43549603E-01 -0.10175476E+02  0.13299744E+04  0.17210617E-09  0.25359868E-03 -0.88917247E+02
  0.47612910E-01 -0.10136736E+02  0.13279653E+04  0.23100514E-09  0.32756724E-03 -0.88871679E+02
  0.52057657E-01 -0.10097976E+02  0.13257676E+04  0.29078839E-09  0.39665988E-03 -0.88823897E+02
  0.56919869E-01 -0.10059197E+02  0.13233634E+04  0.35153713E-09  0.46110558E-03 -0.88773803E+02
  0.62238993E-01 -0.10020398E+02  0.13207334E+04  0.41334007E-09  0.52184572E-03 -0.88721301E+02
  0.68058226E-01 -0.99815801E+01  0.37425914E+03  0.47629576E-09  0.58487661E-03 -0.88666296E+02
  0.74424872E-01 -0.99427426E+01  0.28049505E+03  0.54051215E-09  0.64527179E-03 -0.88608693E+02
  0.81390738E-01 -0.99038857E+01  0.24344816E+03  0.60610520E-09  0.70310759E-03 -0.88548396E+02
  0.81390738E-01 -0.99038857E+01  0.24344816E+03  0.60610520E-09  0.70310759E-03 -0.88548396E+02
  0.89012564E-01 -0.98650094E+01  0.21994375E+03  0.67320451E-09  0.75845848E-03 -0.88485311E+02
  0.97352491E-01 -0.98261136E+01  0.20233586E+03  0.74195135E-09  0.81139704E-03 -0.88419351E+02
  0.10647859E+00 -0.97871984E+01  0.18942797E+03  0.81250027E-09  0.86199409E-03 -0.88350428E+02
  0.11646540E+00 -0.97482637E+01  0.17887338E+03  0.88502080E-09  0.91031865E-03 -0.88278461E+02
  0.12739461E+00 -0.97093096E+01  0.16924618E+03  0.95970031E-09  0.95643805E-03 -0.88203377E+02
  0.13935568E+00 -0.96703360E+01  0.16141146E+03  0.10367427E-08  0.10004179E-02 -0.88125109E+02
  0.15244661E+00 -0.96313429E+01  0.15518903E+03  0.11163720E-08  0.10423222E-02 -0.88043598E+02
  0.16677478E+00 -0.95923303E+01  0.14945991E+03  0.11988342E-08  0.10822132E-02 -0.87958797E+02
  0.18245781E+00 -0.95532982E+01  0.14413873E+03  0.12843970E-08  0.11201519E-02 -0.87870665E+02
  0.19962461E+00 -0.95142466E+01  0.13915689E+03  0.13733575E-08  0.11561974E-02 -0.87779183E+02
  0.19962461E+00 -0.95142466E+01  0.13915689E+03  0.13733575E-08  0.11561974E-02 -0.87779183E+02
  0.21841639E+00 -0.94751755E+01  0.13445860E+03  0.14660393E-08  0.11904076E-02 -0.87684342E+02
  0.23898789E+00 -0.94360848E+01  0.13040120E+03  0.15627967E-08  0.12228386E-02 -0.87586146E+02
  0.26150868E+00 -0.93969746E+01  0.12712536E+03  0.16640193E-08  0.12535453E-02 -0.87484621E+02
  0.28616459E+00 -0.93578448E+01  0.12405930E+03  0.17701352E-08  0.12825813E-02 -0.87379813E+02
  0.31315924E+00 -0.93186954E+01  0.12117619E+03  0.18816127E-08  0.13115544E-02 -0.87271785E+02
  0.34271581E+00 -0.92795265E+01  0.11845331E+03  0.19989662E-08  0.13515074E-02 -0.87160624E+02
  0.37507891E+00 -0.92403380E+01  0.11587126E+03  0.21227590E-08  0.13906108E-02 -0.87046437E+02
  0.41051661E+00 -0.92011299E+01  0.11341335E+03  0.22536092E-08  0.14288760E-02 -0.86929355E+02
  0.44932278E+00 -0.91619022E+01  0.11106519E+03  0.23921957E-08  0.14663146E-02 -0.86809533E+02
  0.49181950E+00 -0.91226549E+01  0.10881424E+03  0.25392628E-08  0.15029378E-02 -0.86687151E+02
  0.49181950E+00 -0.91226549E+01  0.10881424E+03  0.25392628E-08  0.15029378E-02 -0.86687151E+02
  0.53835987E+00 -0.90833880E+01  0.10664954E+03  0.26956251E-08  0.15387568E-02 -0.86562408E+02
  0.58933095E+00 -0.90441014E+01  0.10456148E+03  0.28621779E-08  0.15737827E-02 -0.86435528E+02
  0.64515707E+00 -0.90047952E+01  0.10254156E+03  0.30399015E-08  0.16080264E-02 -0.86306757E+02
  0.70630344E+00 -0.89654694E+01  0.10058225E+03  0.32298738E-08  0.16414986E-02 -0.86176360E+02
  0.77328013E+00 -0.89261238E+01  0.98720105E+02  0.34332743E-08  0.16742102E-02 -0.86044622E+02
  0.84664637E+00 -0.88867586E+01  0.97256864E+02  0.36513968E-08  0.17061716E-02 -0.85911840E+02
  0.92701536E+00 -0.88473737E+01  0.95859865E+02  0.38856607E-08  0.17373934E-02 -0.85778330E+02
  0.10150595E+01 -0.88079692E+01  0.94523683E+02  0.41376247E-08  0.17678858E-02 -0.85644415E+02
  0.11115162E+01 -0.87685449E+01  0.93243445E+02  0.44089953E-08  0.17976590E-02 -0.85510427E+02
  0.12171939E+01 -0.87291009E+01  0.92014763E+02  0.47016436E-08  0.18267232E-02 -0.85376700E+02
  0.12171939E+01 -0.87291009E+01  0.92014763E+02  0.47016436E-08  0.18267232E-02 -0.85376700E+02
  0.13329795E+01 -0.86896372E+01  0.90833675E+02  0.50176254E-08  0.18550884E-02 -0.85243573E+02
  0.14598456E+01 -0.86501538E+01  0.89696594E+02  0.53591915E-08  0.18827643E-02 -0.85111377E+02
  0.15988587E+01 -0.86106506E+01  0.88600262E+02  0.57288119E-08  0.19097609E-02 -0.84980441E+02
  0.17511890E+01 -0.85711276E+01  0.87541718E+02  0.61291971E-08  0.19360876E-02 -0.84851082E+02
  0.19181198E+01 -0.85315850E+01  0.86518259E+02  0.65633168E-08  0.19617542E-02 -0.84723605E+02
  0.21010587E+01 -0.84920225E+01  0.85527415E+02  0.70344313E-08  0.19867699E-02 -0.84598299E+02
  0.23015501E+01 -0.84524402E+01  0.84566926E+02  0.75461162E-08  0.20111442E-02 -0.84475435E+02
  0.25212881E+01 -0.84128382E+01  0.83634714E+02  0.81022934E-08  0.20348862E-02 -0.84355264E+02
  0.27621312E+01 -0.83732164E+01  0.82728872E+02  0.87072644E-08  0.20580050E-02 -0.84238014E+02
  0.30261186E+01 -0.83335747E+01  0.81847640E+02  0.93657482E-08  0.20805098E-02 -0.84123886E+02
  0.30261186E+01 -0.83335747E+01  0.81847640E+02  0.93657482E-08  0.20805098E-02 -0.84123886E+02
  0.33154876E+01 -0.82939133E+01  0.80989396E+02  0.10082923E-07  0.21024092E-02 -0.84013060E+02
  0.36326931E+01 -0.82542320E+01  0.80152640E+02  0.10864470E-07  0.21237123E-02 -0.83905690E+02
  0.39804286E+01 -0.82145308E+01  0.79335980E+02  0.11716620E-07  0.21444276E-02 -0.83801900E+02
  0.43616501E+01 -0.81748099E+01  0.78538129E+02  0.12646215E-07  0.21645638E-02 -0.83701793E+02
  0.47796013E+01 -0.81350690E+01  0.77757889E+02  0.13660758E-07  0.21841294E-02 -0.83605445E+02
  0.52378419E+01 -0.80953083E+01  0.76994145E+02  0.14768485E-07  0.22031327E-02 -0.83512906E+02
  0.57402786E+01 -0.80555277E+01  0.76245858E+02  0.15978433E-07  0.22215821E-02 -0.83424205E+02
  0.62911994E+01 -0.80157272E+01  0.75512060E+02  0.17300522E-07  0.22394858E-02 -0.83339348E+02
  0.68953105E+01 -0.79759069E+01  0.74791844E+02  0.18745638E-07  0.22568519E-02 -0.83258321E+02
  0.75577777E+01 -0.79360666E+01  0.74084362E+02  0.20325730E-07  0.22736884E-02 -0.83181092E+02
  0.75577777E+01 -0.79360666E+01  0.74084362E+02  0.20325730E-07  0.22736884E-02 -0.83181092E+02
  0.82842714E+01 -0.78962064E+01  0.73388821E+02  0.22053915E-07  0.22900032E-02 -0.83107610E+02
  0.90810161E+01 -0.78563262E+01  0.72704473E+02  0.23944589E-07  0.23058043E-02 -0.83037812E+02
  0.99548452E+01 -0.78164262E+01  0.72030620E+02  0.26013560E-07  0.23210992E-02 -0.82971619E+02
  0.10913261E+02 -0.77765062E+01  0.71366602E+02  0.28278180E-07  0.23358957E-02 -0.82908941E+02
  0.11964498E+02 -0.77365662E+01  0.70711798E+02  0.30757499E-07  0.23502013E-02 -0.82849680E+02
  0.13117602E+02 -0.76966062E+01  0.70065623E+02  0.33472433E-07  0.23640235E-02 -0.82793729E+02
  0.14382499E+02 -0.76566263E+01  0.69427524E+02  0.36445949E-07  0.23773697E-02 -0.82740974E+02
  0.15770093E+02 -0.76166264E+01  0.68796978E+02  0.39703266E-07  0.23902471E-02 -0.82691296E+02
  0.17292355E+02 -0.75766065E+01  0.68173492E+02  0.43272076E-07  0.24026631E-02 -0.82644573E+02
  0.18962432E+02 -0.75365666E+01  0.67556597E+02  0.47182788E-07  0.24146246E-02 -0.82600681E+02
  0.18962432E+02 -0.75365666E+01  0.67556597E+02  0.47182788E-07  0.24146246E-02 -0.82600681E+02
  0.20794761E+02 -0.74965067E+01  0.66945848E+02  0.51468801E-07  0.24261388E-02 -0.82559495E+02
  0.22805200E+02 -0.74564268E+01  0.66340824E+02  0.56166791E-07  0.24372125E-02 -0.82520889E+02
  0.25011161E+02 -0.74163268E+01  0.65779033E+02  0.61317045E-07  0.24478528E-02 -0.82484737E+02
  0.27431771E+02 -0.73762068E+01  0.65310752E+02  0.66963809E-07  0.24580662E-02 -0.82450916E+02
  0.30088041E+02 -0.73360668E+01  0.64854062E+02  0.73155685E-07  0.24678597E-02 -0.82419305E+02
  0.33003046E+02 -0.72959066E+01  0.64408500E+02  0.79946058E-07  0.24772397E-02 -0.82389784E+02
  0.36202138E+02 -0.72557265E+01  0.63973623E+02  0.87393577E-07  0.24862129E-02 -0.82362239E+02
  0.39713163E+02 -0.72155262E+01  0.63549016E+02  0.95562667E-07  0.24947857E-02 -0.82336558E+02
  0.43566717E+02 -0.71753058E+01  0.63134280E+02  0.10452411E-06  0.25029645E-02 -0.82312631E+02
  0.47796411E+02 -0.71350654E+01  0.62729039E+02  0.11435567E-06  0.25107557E-02 -0.82290355E+02
  0.47796411E+02 -0.71350654E+01  0.62729039E+02  0.11435567E-06  0.25107557E-02 -0.82290355E+02
  0.52439174E+02 -0.70948048E+01  0.62332936E+02  0.12514279E-06  0.25181654E-02 -0.82269630E+02
  0.57535581E+02 -0.70545242E+01  0.61945628E+02  0.13697935E-06  0.25251998E-02 -0.82250360E+02
  0.63130219E+02 -0.70142234E+01  0.61566792E+02  0.14996850E-06  0.25318650E-02 -0.82232455E+02
  0.69272077E+02 -0.69739025E+01  0.61196118E+02  0.16422360E-06  0.25381671E-02 -0.82215826E+02
  0.76014994E+02 -0.69335614E+01  0.60833312E+02  0.17986923E-06  0.25441120E-02 -0.82200391E+02
  0.83418133E+02 -0.68932002E+01  0.60478094E+02  0.19704228E-06  0.25604279E-02 -0.82186073E+02
  0.91546516E+02 -0.68528189E+01  0.60130195E+02  0.21589321E-06  0.25843193E-02 -0.82172796E+02
  0.10047160E+03 -0.68124173E+01  0.59789359E+02  0.23658738E-06  0.26080857E-02 -0.82160492E+02
  0.11027194E+03 -0.67719957E+01  0.59455343E+02  0.25930653E-06  0.26317274E-02 -0.82149093E+02
  0.12103386E+03 -0.67315538E+01  0.59127913E+02  0.28425046E-06  0.26552448E-02 -0.82138538E+02
  0.12103386E+03 -0.67315538E+01  0.59127913E+02  0.28425046E-06  0.26552448E-02 -0.82138538E+02
  0.13285225E+03 -0.66910918E+01  0.58806845E+02  0.31163875E-06  0.26786382E-02 -0.82128768E+02
  0.14583143E+03 -0.66506096E+01  0.58491926E+02  0.34171280E-06  0.27019079E-02 -0.82119729E+02
  0.16008607E+03 -0.66101071E+01  0.58182951E+02  0.37473801E-06  0.27250542E-02 -0.82111368E+02
  0.17574224E+03 -0.65695845E+01  0.57879726E+02  0.41100610E-06  0.27480776E-02 -0.82103638E+02
  0.19293853E+03 -0.65290417E+01  0.57582063E+02  0.45083784E-06  0.27709782E-02 -0.82096493E+02
  0.21182733E+03 -0.64884787E+01  0.57289781E+02  0.49458589E-06  0.27937564E-02 -0.82089892E+02
  0.23257617E+03 -0.64478955E+01  0.57002709E+02  0.54263802E-06  0.28164126E-02 -0.82083794E+02
  0.25536929E+03 -0.64072920E+01  0.56720682E+02  0.59542058E-06  0.28389470E-02 -0.82078163E+02
  0.28040924E+03 -0.63666684E+01  0.56443541E+02  0.65340244E-06  0.28613601E-02 -0.82072965E+02
  0.30791880E+03 -0.63260245E+01  0.56171134E+02  0.71709916E-06  0.28836519E-02 -0.82068168E+02
  0.30791880E+03 -0.63260245E+01  0.56171134E+02  0.71709916E-06  0.28836519E-02 -0.82068168E+02
  0.33814292E+03 -0.62853604E+01  0.55903314E+02  0.78707775E-06  0.29058230E-02 -0.82063741E+02
  0.37135101E+03 -0.62446761E+01  0.55639942E+02  0.86396176E-06  0.29278736E-02 -0.82059657E+02
  0.40783937E+03 -0.62039715E+01  0.55380882E+02  0.94843701E-06  0.29498040E-02 -0.82055891E+02
  0.44793386E+03 -0.61632468E+01  0.55126005E+02  0.10412578E-05  0.29716146E-02 -0.82052418E+02
  0.49199291E+03 -0.61225018E+01  0.54875186E+02  0.11432538E-05  0.29933055E-02 -0.82049216E+02
  0.54041079E+03 -0.60817367E+01  0.54628305E+02  0.12553376E-05  0.30148771E-02 -0.82046265E+02
  0.59362116E+03 -0.60409513E+01  0.54385247E+02  0.13785130E-05  0.30363298E-02 -0.82043545E+02
  0.65210109E+03 -0.60001458E+01  0.54145900E+02  0.15138845E-05  0.30576637E-02 -0.82041038E+02
  0.71637540E+03 -0.59593200E+01  0.53910157E+02  0.16626669E-05  0.30788792E-02 -0.82038728E+02
  0.78702144E+03 -0.59184741E+01  0.53677915E+02  0.18261967E-05  0.30999766E-02 -0.82036600E+02
  0.78702144E+03 -0.59184741E+01  0.53677915E+02  0.18261967E-05  0.30999766E-02 -0.82036600E+02
  0.86467445E+03 -0.58776081E+01  0.53449076E+02  0.20059444E-05  0.31209561E-02 -0.82034640E+02
  0.95003329E+03 -0.58367219E+01  0.53223543E+02  0.22035280E-05  0.31418180E-02 -0.82032834E+02
  0.10438669E+04 -0.57958155E+01  0.53001224E+02  0.24207275E-05  0.31625626E-02 -0.82031170E+02
  0.11470215E+04 -0.57548891E+01  0.52782030E+02  0.26595017E-05  0.31831901E-02 -0.82029637E+02
  0.12604280E+04 -0.57139426E+01  0.52565876E+02  0.29220061E-05  0.32037008E-02 -0.82028224E+02
  0.13851110E+04 -0.56729761E+01  0.52352680E+02  0.32106124E-05  0.32240949E-02 -0.82026922E+02
  0.15221979E+04 -0.56319896E+01  0.52142361E+02  0.35279308E-05  0.32443726E-02 -0.82025723E+02
  0.16729294E+04 -0.55909831E+01  0.51934843E+02  0.38768338E-05  0.32645343E-02 -0.82024616E+02
  0.18386712E+04 -0.55499566E+01  0.51730051E+02  0.42604827E-05  0.32845800E-02 -0.82023596E+02
  0.20209259E+04 -0.55089103E+01  0.51527916E+02  0.46823566E-05  0.33045101E-02 -0.82022654E+02
  0.20209259E+04 -0.55089103E+01  0.51527916E+02  0.46823566E-05  0.33045101E-02 -0.82022654E+02
  0.22213477E+04 -0.54678441E+01  0.51328367E+02  0.51462851E-05  0.33243247E-02 -0.82021784E+02
  0.24417571E+04 -0.54267582E+01  0.51131340E+02  0.56564830E-05  0.33440240E-02 -0.82020980E+02
  0.26841581E+04 -0.53856526E+01  0.50936769E+02  0.62175894E-05  0.33636082E-02 -0.82020237E+02
  0.29507563E+04 -0.53445273E+01  0.50744593E+02  0.68347110E-05  0.33830774E-02 -0.82019548E+02
  0.32439799E+04 -0.53033825E+01  0.50554755E+02  0.75134690E-05  0.34024318E-02 -0.82018909E+02
  0.35665014E+04 -0.52622183E+01  0.50367196E+02  0.82600509E-05  0.34216716E-02 -0.82018316E+02
  0.39212633E+04 -0.52210347E+01  0.50181862E+02  0.90812684E-05  0.34407968E-02 -0.82017764E+02
  0.43115046E+04 -0.51798318E+01  0.49998700E+02  0.99846197E-05  0.34598075E-02 -0.82017248E+02
  0.47407910E+04 -0.51386099E+01  0.49817661E+02  0.10978360E-04  0.34787039E-02 -0.82016766E+02
  0.52130481E+04 -0.50973689E+01  0.49638696E+02  0.12071576E-04  0.34974859E-02 -0.82016314E+02
  0.52130481E+04 -0.50973689E+01  0.49638696E+02  0.12071576E-04  0.34974859E-02 -0.82016314E+02
  0.57325978E+04 -0.50561092E+01  0.49461759E+02  0.13274272E-04  0.35161536E-02 -0.82015888E+02
  0.63041981E+04 -0.50148308E+01  0.49286806E+02  0.14597463E-04  0.35347071E-02 -0.82015485E+02
  0.69330876E+04 -0.49735340E+01  0.49113795E+02  0.16053273E-04  0.35531463E-02 -0.82015102E+02
  0.76250336E+04 -0.49322189E+01  0.48942687E+02  0.17655053E-04  0.35714712E-02 -0.82014736E+02
  0.83863859E+04 -0.48908858E+01  0.48773443E+02  0.19417498E-04  0.35896817E-02 -0.82014385E+02
  0.92241355E+04 -0.48495350E+01  0.48606027E+02  0.21356788E-04  0.36077776E-02 -0.82014044E+02
  0.10145979E+05 -0.48081667E+01  0.48440408E+02  0.23490734E-04  0.36257589E-02 -0.82013713E+02
  0.11160391E+05 -0.47667813E+01  0.48276553E+02  0.25838946E-04  0.36436254E-02 -0.82013388E+02
  0.12276701E+05 -0.47253790E+01  0.48114433E+02  0.28423010E-04  0.36613769E-02 -0.82013066E+02
  0.13505179E+05 -0.46839603E+01  0.47954022E+02  0.31266690E-04  0.36790130E-02 -0.82012745E+02
  0.13505179E+05 -0.46839603E+01  0.47954022E+02  0.31266690E-04  0.36790130E-02 -0.82012745E+02
  0.14857133E+05 -0.46425257E+01  0.47795296E+02  0.34396141E-04  0.36965335E-02 -0.82012422E+02
  0.16345010E+05 -0.46010755E+01  0.47638233E+02  0.37840158E-04  0.37139380E-02 -0.82012095E+02
  0.17982514E+05 -0.45596103E+01  0.47482814E+02  0.41630430E-04  0.37312262E-02 -0.82011761E+02
  0.19784727E+05 -0.45181306E+01  0.47329023E+02  0.45801836E-04  0.37483975E-02 -0.82011416E+02
  0.21768251E+05 -0.44766371E+01  0.47176846E+02  0.50392758E-04  0.37654514E-02 -0.82011059E+02
  0.23951358E+05 -0.44351305E+01  0.47026274E+02  0.55445434E-04  0.37823873E-02 -0.82010685E+02
  0.26354155E+05 -0.43936116E+01  0.46877299E+02  0.61006337E-04  0.37992045E-02 -0.82010292E+02
  0.28998771E+05 -0.43520811E+01  0.46729918E+02  0.67126591E-04  0.38159023E-02 -0.82009876E+02
  0.31909552E+05 -0.43105400E+01  0.46584130E+02  0.73862434E-04  0.38324799E-02 -0.82009434E+02
  0.35113279E+05 -0.42689893E+01  0.46439941E+02  0.81275719E-04  0.38489363E-02 -0.82008961E+02
  0.35113279E+05 -0.42689893E+01  0.46439941E+02  0.81275719E-04  0.38489363E-02 -0.82008961E+02
  0.38639416E+05 -0.42274301E+01  0.46297357E+02  0.89434458E-04  0.38652706E-02 -0.82008453E+02
  0.42520362E+05 -0.41858637E+01  0.46156392E+02  0.98413423E-04  0.38814816E-02 -0.82007906E+02
  0.46791743E+05 -0.41442915E+01  0.46017064E+02  0.10829480E-03  0.38975681E-02 -0.82007315E+02
  0.51492727E+05 -0.41027148E+01  0.45879395E+02  0.11916890E-03  0.39135288E-02 -0.82006674E+02
  0.56666358E+05 -0.40611354E+01  0.45743415E+02  0.13113493E-03  0.39293623E-02 -0.82005978E+02
  0.62359935E+05 -0.40195550E+01  0.45609157E+02  0.14430185E-03  0.39450669E-02 -0.82005221E+02
  0.68625412E+05 -0.39779757E+01  0.45476664E+02  0.15878926E-03  0.39606410E-02 -0.82004395E+02
  0.75519840E+05 -0.39363996E+01  0.45345983E+02  0.17472841E-03  0.39760828E-02 -0.82003493E+02
  0.83105839E+05 -0.38948291E+01  0.45217171E+02  0.19226328E-03  0.39913902E-02 -0.82002507E+02
  0.91452121E+05 -0.38532669E+01  0.45090292E+02  0.21155171E-03  0.40065611E-02 -0.82001429E+02
  0.91452121E+05 -0.38532669E+01  0.45090292E+02  0.21155171E-03  0.40065611E-02 -0.82001429E+02
  0.10063404E+06 -0.38117158E+01  0.44965421E+02  0.23276664E-03  0.40215932E-02 -0.82000248E+02
  0.11073419E+06 -0.37701789E+01  0.44842640E+02  0.25609747E-03  0.40364838E-02 -0.81998953E+02
  0.12184307E+06 -0.37286598E+01  0.44722043E+02  0.28175147E-03  0.40512304E-02 -0.81997535E+02
  0.13405974E+06 -0.36871623E+01  0.44603736E+02  0.30995527E-03  0.40658300E-02 -0.81995979E+02
  0.14749260E+06 -0.36456904E+01  0.44487835E+02  0.34095654E-03  0.40802795E-02 -0.81994272E+02
  0.16226015E+06 -0.36042488E+01  0.44374471E+02  0.37502560E-03  0.40945754E-02 -0.81992399E+02
  0.17849181E+06 -0.35628424E+01  0.44263788E+02  0.41245727E-03  0.41087142E-02 -0.81990343E+02
  0.19632885E+06 -0.35214766E+01  0.44155946E+02  0.45357270E-03  0.41226919E-02 -0.81988088E+02
  0.21592525E+06 -0.34801573E+01  0.44051119E+02  0.49872133E-03  0.41365043E-02 -0.81985612E+02
  0.23744868E+06 -0.34388909E+01  0.43949499E+02  0.54828280E-03  0.41501469E-02 -0.81982896E+02
  0.23744868E+06 -0.34388909E+01  0.43949499E+02  0.54828280E-03  0.41501469E-02 -0.81982896E+02
  0.26108152E+06 -0.33976845E+01  0.43851296E+02  0.60266904E-03  0.41636148E-02 -0.81979916E+02
  0.28702183E+06 -0.33565457E+01  0.43756738E+02  0.66232619E-03  0.41769027E-02 -0.81976647E+02
  0.31548441E+06 -0.33154828E+01  0.43666072E+02  0.72773668E-03  0.41900049E-02 -0.81973063E+02
  0.34670180E+06 -0.32745046E+01  0.43579566E+02  0.79942107E-03  0.42029154E-02 -0.81969133E+02
  0.38092533E+06 -0.32336208E+01  0.43497509E+02  0.87793984E-03  0.42156272E-02 -0.81964826E+02
  0.41842606E+06 -0.31928420E+01  0.43420210E+02  0.96389511E-03  0.42281333E-02 -0.81960109E+02
  0.45949571E+06 -0.31521792E+01  0.43347999E+02  0.10579319E-02  0.42404257E-02 -0.81954944E+02
  0.50444754E+06 -0.31116447E+01  0.43281228E+02  0.11607394E-02  0.42524958E-02 -0.81949292E+02
  0.55361699E+06 -0.30712513E+01  0.43220271E+02  0.12730513E-02  0.42643342E-02 -0.81943110E+02
  0.60736230E+06 -0.30310128E+01  0.43165518E+02  0.13956465E-02  0.42759304E-02 -0.81936355E+02
  0.60736230E+06 -0.30310128E+01  0.43165518E+02  0.13956465E-02  0.42759304E-02 -0.81936355E+02
  0.66606489E+06 -0.29909441E+01  0.43117380E+02  0.15293484E-02  0.42872731E-02 -0.81928976E+02
  0.73012945E+06 -0.29510608E+01  0.43076286E+02  0.16750236E-02  0.42983498E-02 -0.81920924E+02
  0.79998391E+06 -0.29113794E+01  0.43042675E+02  0.18335808E-02  0.43091469E-02 -0.81912145E+02
  0.87607890E+06 -0.28719175E+01  0.43017002E+02  0.20059672E-02  0.43196490E-02 -0.81902582E+02
  0.95888700E+06 -0.28326932E+01  0.42999724E+02  0.21931651E-02  0.43298396E-02 -0.81892174E+02
  0.10489015E+07 -0.27937260E+01  0.42991306E+02  0.23961874E-02  0.43397003E-02 -0.81880861E+02
  0.11466348E+07 -0.27550356E+01  0.42992208E+02  0.26160708E-02  0.43492111E-02 -0.81868577E+02
  0.12526161E+07 -0.27166427E+01  0.43002882E+02  0.28538693E-02  0.43583498E-02 -0.81855256E+02
  0.13673891E+07 -0.26785686E+01  0.43023767E+02  0.31106455E-02  0.43670927E-02 -0.81840828E+02
  0.14915087E+07 -0.26408349E+01  0.43055281E+02  0.33874612E-02  0.43754139E-02 -0.81825224E+02
  0.14915087E+07 -0.26408349E+01  0.43055281E+02  0.33874612E-02  0.43754139E-02 -0.81825224E+02
  0.16255374E+07 -0.26034637E+01  0.43097814E+02  0.36853664E-02  0.43832856E-02 -0.81808373E+02
  0.17700411E+07 -0.25664773E+01  0.43151721E+02  0.40053881E-02  0.43906783E-02 -0.81790203E+02
  0.19255851E+07 -0.25298980E+01  0.43217314E+02  0.43485173E-02  0.43975610E-02 -0.81770643E+02
  0.20927288E+07 -0.24937477E+01  0.43294857E+02  0.47156969E-02  0.44039016E-02 -0.81749622E+02
  0.22720207E+07 -0.24580484E+01  0.43384559E+02  0.51078075E-02  0.44096672E-02 -0.81727072E+02
  0.24639934E+07 -0.24228211E+01  0.43486569E+02  0.55256549E-02  0.44148250E-02 -0.81702924E+02
  0.26691582E+07 -0.23880864E+01  0.43600973E+02  0.59699573E-02  0.44193432E-02 -0.81677115E+02
  0.28879996E+07 -0.23538635E+01  0.43727788E+02  0.64413330E-02  0.44231916E-02 -0.81649585E+02
  0.31209709E+07 -0.23201710E+01  0.43866968E+02  0.69402901E-02  0.44263432E-02 -0.81620275E+02
  0.33684893E+07 -0.22870255E+01  0.44018397E+02  0.74672168E-02  0.44287756E-02 -0.81589136E+02
  0.33684893E+07 -0.22870255E+01  0.44018397E+02  0.74672168E-02  0.44287756E-02 -0.81589136E+02
  0.36309314E+07 -0.22544426E+01  0.44181895E+02  0.80223743E-02  0.44304718E-02 -0.81556120E+02
  0.39086303E+07 -0.22224361E+01  0.44357227E+02  0.86058915E-02  0.44314226E-02 -0.81521186E+02
  0.42018725E+07 -0.21910178E+01  0.44544099E+02  0.92177614E-02  0.44316278E-02 -0.81484301E+02
  0.45108956E+07 -0.21601979E+01  0.44742175E+02  0.98578408E-02  0.44310977E-02 -0.81445437E+02
  0.48358872E+07 -0.21299845E+01  0.44951079E+02  0.10525851E-01  0.44298550E-02 -0.81404572E+02
  0.51769841E+07 -0.21003838E+01  0.45170410E+02  0.11221384E-01  0.44279359E-02 -0.81361693E+02
  0.55342731E+07 -0.20714001E+01  0.45399743E+02  0.11943905E-01  0.44253913E-02 -0.81316792E+02
  0.59077912E+07 -0.20430355E+01  0.45638647E+02  0.12692761E-01  0.44222881E-02 -0.81269869E+02
  0.62975278E+07 -0.20152906E+01  0.45886692E+02  0.13467193E-01  0.44187093E-02 -0.81220930E+02
  0.67034270E+07 -0.19881638E+01  0.46143452E+02  0.14266344E-01  0.44147546E-02 -0.81169986E+02
  0.67034270E+07 -0.19881638E+01  0.46143452E+02  0.14266344E-01  0.44147546E-02 -0.81169986E+02
  0.71253897E+07 -0.19616521E+01  0.46408520E+02  0.15089271E-01  0.44105402E-02 -0.81117057E+02
  0.75632774E+07 -0.19357506E+01  0.46681509E+02  0.15934955E-01  0.44061982E-02 -0.81062166E+02
  0.80169154E+07 -0.19104534E+01  0.46962059E+02  0.16802319E-01  0.44018755E-02 -0.81005341E+02
  0.84860960E+07 -0.18857527E+01  0.47249840E+02  0.17690236E-01  0.43977329E-02 -0.80946617E+02
  0.89705827E+07 -0.18616400E+01  0.47544554E+02  0.18597542E-01  0.43939432E-02 -0.80886029E+02
  0.94701138E+07 -0.18381055E+01  0.47845934E+02  0.19523047E-01  0.43906890E-02 -0.80823620E+02
  0.99844058E+07 -0.18151385E+01  0.48153749E+02  0.20465547E-01  0.43881611E-02 -0.80759433E+02
  0.10513157E+08 -0.17927275E+01  0.48467795E+02  0.21423836E-01  0.43865558E-02 -0.80693514E+02
  0.11056051E+08 -0.17708606E+01  0.48787898E+02  0.22396711E-01  0.43860722E-02 -0.80625913E+02
  0.11612760E+08 -0.17495252E+01  0.49113910E+02  0.23382982E-01  0.43869104E-02 -0.80556679E+02
  0.11612760E+08 -0.17495252E+01  0.49113910E+02  0.23382982E-01  0.43869104E-02 -0.80556679E+02
  0.12182947E+08 -0.17287083E+01  0.49445702E+02  0.24381481E-01  0.43892684E-02 -0.80485864E+02
  0.12766270E+08 -0.17083967E+01  0.49783166E+02  0.25391065E-01  0.43933404E-02 -0.80413520E+02
  0.13362381E+08 -0.16885768E+01  0.50126208E+02  0.26410623E-01  0.43993139E-02 -0.80339701E+02
  0.13970932E+08 -0.16692353E+01  0.50474744E+02  0.27439082E-01  0.44073684E-02 -0.80264458E+02
  0.14591577E+08 -0.16503584E+01  0.50828695E+02  0.28475406E-01  0.44176731E-02 -0.80187845E+02
  0.15223969E+08 -0.16319328E+01  0.51187990E+02  0.29518602E-01  0.44303857E-02 -0.80109915E+02
  0.15867767E+08 -0.16139449E+01  0.51552553E+02  0.30567723E-01  0.44456510E-02 -0.80030719E+02
  0.16522632E+08 -0.15963815E+01  0.51922312E+02  0.31621865E-01  0.44636000E-02 -0.79950310E+02
  0.17188233E+08 -0.15792294E+01  0.52297186E+02  0.32680171E-01  0.44843494E-02 -0.79868737E+02
  0.17864245E+08 -0.15624760E+01  0.52677091E+02  0.33741830E-01  0.45080005E-02 -0.79786050E+02
  0.17864245E+08 -0.15624760E+01  0.52677091E+02  0.33741830E-01  0.45080005E-02 -0.79786050E+02
  0.18550350E+08 -0.15461086E+01  0.53061936E+02  0.34806077E-01  0.45346400E-02 -0.79702298E+02
  0.19246237E+08 -0.15301148E+01  0.53451619E+02  0.35872193E-01  0.45643392E-02 -0.79617527E+02
  0.19951606E+08 -0.15144828E+01  0.53846034E+02  0.36939504E-01  0.45971547E-02 -0.79531784E+02
  0.20666161E+08 -0.14992009E+01  0.54245063E+02  0.38007378E-01  0.46331285E-02 -0.79445113E+02
  0.21389619E+08 -0.14842576E+01  0.54648581E+02  0.39075228E-01  0.46722892E-02 -0.79357558E+02
  0.22121703E+08 -0.14696421E+01  0.55056455E+02  0.40142504E-01  0.47146517E-02 -0.79269160E+02
  0.22862148E+08 -0.14553437E+01  0.55468543E+02  0.41208698E-01  0.47602190E-02 -0.79179960E+02
  0.23610693E+08 -0.14413519E+01  0.55884699E+02  0.42273339E-01  0.48089825E-02 -0.79089997E+02
  0.24367090E+08 -0.14276570E+01  0.56304768E+02  0.43335992E-01  0.48609227E-02 -0.78999310E+02
  0.25131099E+08 -0.14142492E+01  0.56728591E+02  0.44396256E-01  0.49160110E-02 -0.78907934E+02
  0.25131099E+08 -0.14142492E+01  0.56728591E+02  0.44396256E-01  0.49160110E-02 -0.78907934E+02
  0.25902487E+08 -0.14011192E+01  0.57156004E+02  0.45453763E-01  0.49742095E-02 -0.78815904E+02
  0.26681030E+08 -0.13882581E+01  0.57586842E+02  0.46508173E-01  0.50354731E-02 -0.78723255E+02
  0.27466514E+08 -0.13756571E+01  0.58020934E+02  0.47559180E-01  0.50997493E-02 -0.78630019E+02
  0.28258729E+08 -0.13633080E+01  0.58458110E+02  0.48606501E-01  0.51669801E-02 -0.78536228E+02
  0.29057478E+08 -0.13512028E+01  0.58898198E+02  0.49649881E-01  0.52371018E-02 -0.78441911E+02
  0.29862566E+08 -0.13393336E+01  0.59341027E+02  0.50689089E-01  0.53100469E-02 -0.78347097E+02
  0.30673810E+08 -0.13276930E+01  0.59786427E+02  0.51723916E-01  0.53857439E-02 -0.78251815E+02
  0.31491031E+08 -0.13162738E+01  0.60234228E+02  0.52754175E-01  0.54641185E-02 -0.78156091E+02
  0.32314059E+08 -0.13050692E+01  0.60684262E+02  0.53779699E-01  0.55450941E-02 -0.78059950E+02
  0.33142728E+08 -0.12940724E+01  0.61136366E+02  0.54800338E-01  0.56285924E-02 -0.77963417E+02
  0.33142728E+08 -0.12940724E+01  0.61136366E+02  0.54800338E-01  0.56285924E-02 -0.77963417E+02
  0.33976880E+08 -0.12832772E+01  0.61590376E+02  0.55815961E-01  0.57145338E-02 -0.77866516E+02
  0.34816363E+08 -0.12726773E+01  0.62046136E+02  0.56826453E-01  0.58028382E-02 -0.77769270E+02
  0.35661032E+08 -0.12622668E+01  0.62503489E+02  0.57831714E-01  0.59081452E-02 -0.77671700E+02
  0.36510744E+08 -0.12520400E+01  0.62962286E+02  0.58831657E-01  0.60194921E-02 -0.77573828E+02
  0.37365364E+08 -0.12419915E+01  0.63422380E+02  0.59826209E-01  0.61334975E-02 -0.77475673E+02
  0.38224763E+08 -0.12321159E+01  0.63883628E+02  0.60815308E-01  0.62502204E-02 -0.77377254E+02
  0.39088815E+08 -0.12224082E+01  0.64345893E+02  0.61798905E-01  0.63697133E-02 -0.77278591E+02
  0.39957400E+08 -0.12128635E+01  0.64809041E+02  0.62776958E-01  0.64920218E-02 -0.77179700E+02
  0.40830401E+08 -0.12034770E+01  0.65272945E+02  0.63749437E-01  0.66171845E-02 -0.77080600E+02
  0.41707706E+08 -0.11942444E+01  0.65737478E+02  0.64716320E-01  0.67452329E-02 -0.76981306E+02
  0.41707706E+08 -0.11942444E+01  0.65737478E+02  0.64716320E-01  0.67452329E-02 -0.76981306E+02
  0.42589210E+08 -0.11851611E+01  0.66187231E+02  0.65677594E-01  0.68761914E-02 -0.76881835E+02
  0.43474807E+08 -0.11762230E+01  0.66618575E+02  0.66633252E-01  0.70100775E-02 -0.76782200E+02
  0.44364399E+08 -0.11674261E+01  0.67040477E+02  0.67583294E-01  0.71469019E-02 -0.76682417E+02
  0.45257890E+08 -0.11587664E+01  0.67453545E+02  0.68527727E-01  0.72866685E-02 -0.76582500E+02
  0.46155186E+08 -0.11502402E+01  0.67858350E+02  0.69466562E-01  0.74293748E-02 -0.76482463E+02
  0.47056200E+08 -0.11418438E+01  0.68255426E+02  0.70399817E-01  0.75750123E-02 -0.76382317E+02
  0.47960845E+08 -0.11335738E+01  0.68645268E+02  0.71327515E-01  0.77235664E-02 -0.76282075E+02
  0.48869039E+08 -0.11254269E+01  0.69028340E+02  0.72249681E-01  0.78750170E-02 -0.76181750E+02
  0.49780702E+08 -0.11173997E+01  0.69405074E+02  0.73166346E-01  0.80293389E-02 -0.76081352E+02
  0.50695757E+08 -0.11094891E+01  0.69775872E+02  0.74077544E-01  0.81865019E-02 -0.75980892E+02
  0.50695757E+08 -0.11094891E+01  0.69775872E+02  0.74077544E-01  0.81865019E-02 -0.75980892E+02
  0.51614130E+08 -0.11016921E+01  0.70141104E+02  0.74983312E-01  0.83464713E-02 -0.75880382E+02
  0.52535750E+08 -0.10940057E+01  0.70501118E+02  0.75883690E-01  0.85092086E-02 -0.75779831E+02
  0.53460546E+08 -0.10864273E+01  0.70856233E+02  0.76778720E-01  0.86746713E-02 -0.75679248E+02
  0.54388454E+08 -0.10789540E+01  0.71206745E+02  0.77668448E-01  0.88428136E-02 -0.75578644E+02
  0.55319407E+08 -0.10715832E+01  0.71552930E+02  0.78552919E-01  0.90135868E-02 -0.75478027E+02
  0.56253345E+08 -0.10643123E+01  0.71895040E+02  0.79432184E-01  0.91869395E-02 -0.75377406E+02
  0.57190207E+08 -0.10571390E+01  0.72233310E+02  0.80306293E-01  0.93628181E-02 -0.75276788E+02
  0.58129934E+08 -0.10500608E+01  0.72567956E+02  0.81175296E-01  0.95411669E-02 -0.75176183E+02
  0.59072472E+08 -0.10430755E+01  0.72899176E+02  0.82039247E-01  0.97219287E-02 -0.75075598E+02
  0.60017766E+08 -0.10361809E+01  0.73227156E+02  0.82898201E-01  0.99050448E-02 -0.74975039E+02
  0.60017766E+08 -0.10361809E+01  0.73227156E+02  0.82898201E-01  0.99050448E-02 -0.74975039E+02
  0.60965762E+08 -0.10293747E+01  0.73552063E+02  0.83752212E-01  0.10090456E-01 -0.74874515E+02
  0.61916412E+08 -0.10226549E+01  0.73874055E+02  0.84601335E-01  0.10278100E-01 -0.74774032E+02
  0.62869664E+08 -0.10160195E+01  0.74193274E+02  0.85445627E-01  0.10467918E-01 -0.74673597E+02
  0.63825473E+08 -0.10094666E+01  0.74509854E+02  0.86285145E-01  0.10659847E-01 -0.74573216E+02
  0.64783792E+08 -0.10029943E+01  0.74823914E+02  0.87119946E-01  0.10853826E-01 -0.74472895E+02
  0.65744576E+08 -0.99660075E+00  0.75135568E+02  0.87950087E-01  0.11049793E-01 -0.74372641E+02
  0.66707782E+08 -0.99028418E+00  0.75444918E+02  0.88775625E-01  0.11247687E-01 -0.74272458E+02
  0.67673370E+08 -0.98404288E+00  0.75752058E+02  0.89596619E-01  0.11447446E-01 -0.74172353E+02
  0.68641297E+08 -0.97787520E+00  0.76057077E+02  0.90413126E-01  0.11649010E-01 -0.74072331E+02
  0.69611525E+08 -0.97177953E+00  0.76360053E+02  0.91225202E-01  0.11852318E-01 -0.73972397E+02
  0.69611525E+08 -0.97177953E+00  0.76360053E+02  0.91225202E-01  0.11852318E-01 -0.73972397E+02
  0.70584017E+08 -0.96575431E+00  0.76661061E+02  0.92032906E-01  0.12057312E-01 -0.73872555E+02
  0.71558734E+08 -0.95979803E+00  0.76960168E+02  0.92836295E-01  0.12263931E-01 -0.73772811E+02
  0.72535642E+08 -0.95390922E+00  0.77257437E+02  0.93635425E-01  0.12472120E-01 -0.73673170E+02
  0.73514706E+08 -0.94808645E+00  0.77552924E+02  0.94430353E-01  0.12681820E-01 -0.73573636E+02
  0.74495892E+08 -0.94232836E+00  0.77846684E+02  0.95221135E-01  0.12892976E-01 -0.73474212E+02
  0.75479167E+08 -0.93663358E+00  0.78138764E+02  0.96007827E-01  0.13105532E-01 -0.73374904E+02
  0.76464500E+08 -0.93100083E+00  0.78429209E+02  0.96790484E-01  0.13319436E-01 -0.73275716E+02
  0.77451860E+08 -0.92542883E+00  0.78718061E+02  0.97569160E-01  0.13534634E-01 -0.73176650E+02
  0.78441217E+08 -0.91991636E+00  0.79005358E+02  0.98343910E-01  0.13751076E-01 -0.73077712E+02
  0.79432542E+08 -0.91446222E+00  0.79291136E+02  0.99114788E-01  0.13968710E-01 -0.72978905E+02
  0.79432542E+08 -0.91446222E+00  0.79291136E+02  0.99114788E-01  0.13968710E-01 -0.72978905E+02
  0.80425807E+08 -0.90906525E+00  0.79575425E+02  0.99881846E-01  0.14187488E-01 -0.72880231E+02
  0.81420985E+08 -0.90372433E+00  0.79858258E+02  0.10064514E+00  0.14407362E-01 -0.72781696E+02
  0.82418048E+08 -0.89843835E+00  0.80139661E+02  0.10140471E+00  0.14628285E-01 -0.72683301E+02
  0.83416972E+08 -0.89320626E+00  0.80419660E+02  0.10216063E+00  0.14850213E-01 -0.72585051E+02
  0.84417731E+08 -0.88802701E+00  0.80698280E+02  0.10291293E+00  0.15073101E-01 -0.72486948E+02
  0.85420299E+08 -0.88289959E+00  0.80975542E+02  0.10366166E+00  0.15296906E-01 -0.72388994E+02
  0.86424655E+08 -0.87782302E+00  0.81251468E+02  0.10440688E+00  0.15521587E-01 -0.72291194E+02
  0.87430774E+08 -0.87279636E+00  0.81526075E+02  0.10514864E+00  0.15747104E-01 -0.72193550E+02
  0.88438634E+08 -0.86781865E+00  0.81799383E+02  0.10588698E+00  0.15973418E-01 -0.72096063E+02
  0.89448213E+08 -0.86288901E+00  0.82071408E+02  0.10662195E+00  0.16200491E-01 -0.71998738E+02
  0.89448213E+08 -0.86288901E+00  0.82071408E+02  0.10662195E+00  0.16200491E-01 -0.71998738E+02
  0.90459489E+08 -0.85800655E+00  0.82342165E+02  0.10735359E+00  0.16428287E-01 -0.71901576E+02
  0.91472442E+08 -0.85317040E+00  0.82611670E+02  0.10808196E+00  0.16656770E-01 -0.71804580E+02
  0.92487052E+08 -0.84837974E+00  0.82879935E+02  0.10880709E+00  0.16885906E-01 -0.71707751E+02
  0.93503299E+08 -0.84363375E+00  0.83146974E+02  0.10952903E+00  0.17115664E-01 -0.71611092E+02
  0.94521163E+08 -0.83893162E+00  0.83412799E+02  0.11024783E+00  0.17346010E-01 -0.71514606E+02
  0.95540627E+08 -0.83427259E+00  0.83677421E+02  0.11096353E+00  0.17576915E-01 -0.71418293E+02
  0.96561671E+08 -0.82965591E+00  0.83940851E+02  0.11167617E+00  0.17808349E-01 -0.71322157E+02
  0.97584278E+08 -0.82508082E+00  0.84203099E+02  0.11238579E+00  0.18040285E-01 -0.71226198E+02
  0.98608431E+08 -0.82054663E+00  0.84464176E+02  0.11309243E+00  0.18272694E-01 -0.71130419E+02
  0.99634113E+08 -0.81605262E+00  0.84724089E+02  0.11379613E+00  0.18505552E-01 -0.71034821E+02
  0.99634113E+08 -0.81605262E+00  0.84724089E+02  0.11379613E+00  0.18505552E-01 -0.71034821E+02
  0.10066131E+09 -0.81159811E+00  0.84982849E+02  0.11449693E+00  0.18738832E-01 -0.70939405E+02
  0.10169000E+09 -0.80718244E+00  0.85240463E+02  0.11519488E+00  0.18972511E-01 -0.70844174E+02
  0.10272017E+09 -0.80280496E+00  0.85496939E+02  0.11589000E+00  0.19206566E-01 -0.70749128E+02
  0.10375180E+09 -0.79846502E+00  0.85752286E+02  0.11658235E+00  0.19440975E-01 -0.70654269E+02
  0.10478489E+09 -0.79416201E+00  0.86006510E+02  0.11727194E+00  0.19675716E-01 -0.70559599E+02
  0.10581941E+09 -0.78989533E+00  0.86259619E+02  0.11795882E+00  0.19910770E-01 -0.70465118E+02
  0.10685536E+09 -0.78566437E+00  0.86511620E+02  0.11864303E+00  0.20146117E-01 -0.70370828E+02
  0.10789271E+09 -0.78146857E+00  0.86762519E+02  0.11932460E+00  0.20381738E-01 -0.70276729E+02
  0.10893146E+09 -0.77730737E+00  0.87012323E+02  0.12000356E+00  0.20617616E-01 -0.70182824E+02
  0.10997158E+09 -0.77318020E+00  0.87261037E+02  0.12067994E+00  0.20853734E-01 -0.70089112E+02
  0.10997158E+09 -0.77318020E+00  0.87261037E+02  0.12067994E+00  0.20853734E-01 -0.70089112E+02
  0.11101308E+09 -0.76908653E+00  0.87508670E+02  0.12135379E+00  0.21090075E-01 -0.69995596E+02
  0.11205593E+09 -0.76502583E+00  0.87755225E+02  0.12202513E+00  0.21326624E-01 -0.69902275E+02
  0.11310013E+09 -0.76099759E+00  0.88000709E+02  0.12269399E+00  0.21563366E-01 -0.69809151E+02
  0.11414565E+09 -0.75700131E+00  0.88245128E+02  0.12336041E+00  0.21800287E-01 -0.69716225E+02
  0.11519250E+09 -0.75303648E+00  0.88488488E+02  0.12402441E+00  0.22037373E-01 -0.69623497E+02
  0.11624065E+09 -0.74910265E+00  0.88730793E+02  0.12468603E+00  0.22274611E-01 -0.69530968E+02
  0.11729010E+09 -0.74519932E+00  0.88972050E+02  0.12534529E+00  0.22511990E-01 -0.69438638E+02
  0.11834084E+09 -0.74132604E+00  0.89212263E+02  0.12600223E+00  0.22749496E-01 -0.69346510E+02
  0.11939285E+09 -0.73748237E+00  0.89451438E+02  0.12665687E+00  0.22987119E-01 -0.69254582E+02
  0.12044612E+09 -0.73366785E+00  0.89689580E+02  0.12730923E+00  0.23224849E-01 -0.69162857E+02
  0.12044612E+09 -0.73366785E+00  0.89689580E+02  0.12730923E+00  0.23224849E-01 -0.69162857E+02
  0.12150065E+09 -0.72988207E+00  0.89926693E+02  0.12795935E+00  0.23462673E-01 -0.69071334E+02
  0.12255643E+09 -0.72612459E+00  0.90162784E+02  0.12860726E+00  0.23700584E-01 -0.68980014E+02
  0.12361343E+09 -0.72239500E+00  0.90397858E+02  0.12925297E+00  0.23938570E-01 -0.68888897E+02
  0.12467167E+09 -0.71869291E+00  0.90631918E+02  0.12989652E+00  0.24176624E-01 -0.68797985E+02
  0.12573112E+09 -0.71501791E+00  0.90864970E+02  0.13053792E+00  0.24414736E-01 -0.68707277E+02
  0.12679177E+09 -0.71136961E+00  0.91097019E+02  0.13117721E+00  0.24652898E-01 -0.68616774E+02
  0.12785362E+09 -0.70774764E+00  0.91328070E+02  0.13181440E+00  0.24891102E-01 -0.68526477E+02
  0.12891666E+09 -0.70415162E+00  0.91558127E+02  0.13244953E+00  0.25129341E-01 -0.68436385E+02
  0.12998088E+09 -0.70058119E+00  0.91787195E+02  0.13308261E+00  0.25367607E-01 -0.68346501E+02
  0.13104628E+09 -0.69703599E+00  0.92015279E+02  0.13371367E+00  0.25605893E-01 -0.68256822E+02
  0.13104628E+09 -0.69703599E+00  0.92015279E+02  0.13371367E+00  0.25605893E-01 -0.68256822E+02
  0.13211283E+09 -0.69351568E+00  0.92242384E+02  0.13434272E+00  0.25844192E-01 -0.68167351E+02
  0.13318054E+09 -0.69001991E+00  0.92468514E+02  0.13496980E+00  0.26082498E-01 -0.68078088E+02
  0.13424940E+09 -0.68654833E+00  0.92693675E+02  0.13559491E+00  0.26320805E-01 -0.67989033E+02
  0.13531939E+09 -0.68310064E+00  0.92917870E+02  0.13621809E+00  0.26559107E-01 -0.67900185E+02
  0.13639052E+09 -0.67967649E+00  0.93141104E+02  0.13683935E+00  0.26797397E-01 -0.67811547E+02
  0.13746277E+09 -0.67627558E+00  0.93363383E+02  0.13745871E+00  0.27035670E-01 -0.67723117E+02
  0.13853614E+09 -0.67289759E+00  0.93584709E+02  0.13807620E+00  0.27273921E-01 -0.67634896E+02
  0.13961062E+09 -0.66954223E+00  0.93805089E+02  0.13869182E+00  0.27512145E-01 -0.67546885E+02
  0.14068620E+09 -0.66620918E+00  0.94024527E+02  0.13930560E+00  0.27750336E-01 -0.67459084E+02
  0.14176288E+09 -0.66289816E+00  0.94243027E+02  0.13991756E+00  0.27988491E-01 -0.67371493E+02
  0.14176288E+09 -0.66289816E+00  0.94243027E+02  0.13991756E+00  0.27988491E-01 -0.67371493E+02
  0.14284064E+09 -0.65960888E+00  0.94460594E+02  0.14052772E+00  0.28226603E-01 -0.67284112E+02
  0.14391949E+09 -0.65634107E+00  0.94677232E+02  0.14113609E+00  0.28464669E-01 -0.67196942E+02
  0.14499941E+09 -0.65309443E+00  0.94892946E+02  0.14174269E+00  0.28702684E-01 -0.67109982E+02
  0.14608041E+09 -0.64986870E+00  0.95107740E+02  0.14234753E+00  0.28940645E-01 -0.67023233E+02
  0.14716247E+09 -0.64666362E+00  0.95321620E+02  0.14295064E+00  0.29178546E-01 -0.66936696E+02
  0.14824558E+09 -0.64347893E+00  0.95534588E+02  0.14355202E+00  0.29416384E-01 -0.66850370E+02
  0.14932975E+09 -0.64031435E+00  0.95746651E+02  0.14415170E+00  0.29654156E-01 -0.66764255E+02
  0.15041496E+09 -0.63716966E+00  0.95957811E+02  0.14474969E+00  0.29891857E-01 -0.66678352E+02
  0.15150121E+09 -0.63404458E+00  0.96168075E+02  0.14534600E+00  0.30129484E-01 -0.66592661E+02
  0.15258849E+09 -0.63093890E+00  0.96377445E+02  0.14594066E+00  0.30367033E-01 -0.66507182E+02
  0.15258849E+09 -0.63093890E+00  0.96377445E+02  0.14594066E+00  0.30367033E-01 -0.66507182E+02
  0.15367681E+09 -0.62785235E+00  0.96585927E+02  0.14653367E+00  0.30604502E-01 -0.66421915E+02
  0.15476614E+09 -0.62478472E+00  0.96793526E+02  0.14712504E+00  0.30841887E-01 -0.66336861E+02
  0.15585650E+09 -0.62173577E+00  0.97000244E+02  0.14771480E+00  0.31079185E-01 -0.66252019E+02
  0.15694786E+09 -0.61870528E+00  0.97206088E+02  0.14830295E+00  0.31316393E-01 -0.66167389E+02
  0.15804023E+09 -0.61569301E+00  0.97411060E+02  0.14888951E+00  0.31553507E-01 -0.66082971E+02
  0.15913361E+09 -0.61269876E+00  0.97615166E+02  0.14947448E+00  0.31790527E-01 -0.65998766E+02
  0.16022798E+09 -0.60972231E+00  0.97818410E+02  0.15005790E+00  0.32027448E-01 -0.65914774E+02
  0.16132335E+09 -0.60676345E+00  0.98020797E+02  0.15063975E+00  0.32264269E-01 -0.65830995E+02
  0.16241970E+09 -0.60382197E+00  0.98222330E+02  0.15122007E+00  0.32500986E-01 -0.65747427E+02
  0.16351704E+09 -0.60089767E+00  0.98423014E+02  0.15179885E+00  0.32737598E-01 -0.65664073E+02
  0.16351704E+09 -0.60089767E+00  0.98423014E+02  0.15179885E+00  0.32737598E-01 -0.65664073E+02
  0.16461535E+09 -0.59799035E+00  0.98622853E+02  0.15237612E+00  0.32974103E-01 -0.65580931E+02
  0.16571464E+09 -0.59509981E+00  0.98821852E+02  0.15295187E+00  0.33210499E-01 -0.65498001E+02
  0.16681489E+09 -0.59222586E+00  0.99008264E+02  0.15352613E+00  0.33446784E-01 -0.65415284E+02
  0.16791612E+09 -0.58936830E+00  0.99187301E+02  0.15409890E+00  0.33682955E-01 -0.65332779E+02
  0.16901830E+09 -0.58652696E+00  0.99365181E+02  0.15467020E+00  0.33919012E-01 -0.65250486E+02
  0.17012144E+09 -0.58370164E+00  0.99541924E+02  0.15524002E+00  0.34154953E-01 -0.65168404E+02
  0.17122553E+09 -0.58089217E+00  0.99717550E+02  0.15580839E+00  0.34390777E-01 -0.65086535E+02
  0.17233057E+09 -0.57809836E+00  0.99892081E+02  0.15637532E+00  0.34626482E-01 -0.65004878E+02
  0.17343655E+09 -0.57532005E+00  0.10006553E+03  0.15694081E+00  0.34862067E-01 -0.64923431E+02
  0.17454347E+09 -0.57255707E+00  0.10023793E+03  0.15750487E+00  0.35097532E-01 -0.64842196E+02
  0.17454347E+09 -0.57255707E+00  0.10023793E+03  0.15750487E+00  0.35097532E-01 -0.64842196E+02
  0.17565133E+09 -0.56980923E+00  0.10040928E+03  0.15806751E+00  0.35332875E-01 -0.64761172E+02
  0.17676013E+09 -0.56707638E+00  0.10057961E+03  0.15862874E+00  0.35568096E-01 -0.64680358E+02
  0.17786985E+09 -0.56435835E+00  0.10074893E+03  0.15918857E+00  0.35803194E-01 -0.64599755E+02
  0.17898049E+09 -0.56165497E+00  0.10091726E+03  0.15974700E+00  0.36038169E-01 -0.64519362E+02
  0.18009206E+09 -0.55896610E+00  0.10108462E+03  0.16030405E+00  0.36273021E-01 -0.64439178E+02
  0.18120455E+09 -0.55629158E+00  0.10125101E+03  0.16085973E+00  0.36507749E-01 -0.64359203E+02
  0.18231795E+09 -0.55363125E+00  0.10141646E+03  0.16141403E+00  0.36742353E-01 -0.64279438E+02
  0.18343226E+09 -0.55098495E+00  0.10158097E+03  0.16196698E+00  0.36976833E-01 -0.64199881E+02
  0.18454749E+09 -0.54835255E+00  0.10174456E+03  0.16251857E+00  0.37211189E-01 -0.64120532E+02
  0.18566361E+09 -0.54573389E+00  0.10190725E+03  0.16306881E+00  0.37445422E-01 -0.64041391E+02
  0.18566361E+09 -0.54573389E+00  0.10190725E+03  0.16306881E+00  0.37445422E-01 -0.64041391E+02
  0.18678064E+09 -0.54312882E+00  0.10206905E+03  0.16361772E+00  0.37679531E-01 -0.63962457E+02
  0.18789856E+09 -0.54053722E+00  0.10222996E+03  0.16416529E+00  0.37913518E-01 -0.63883730E+02
  0.18901738E+09 -0.53795893E+00  0.10239000E+03  0.16471154E+00  0.38147382E-01 -0.63805208E+02
  0.19013710E+09 -0.53539382E+00  0.10254919E+03  0.16525646E+00  0.38381125E-01 -0.63726893E+02
  0.19125770E+09 -0.53284176E+00  0.10270753E+03  0.16580008E+00  0.38614747E-01 -0.63648783E+02
  0.19237918E+09 -0.53030260E+00  0.10286503E+03  0.16634239E+00  0.38848249E-01 -0.63570878E+02
  0.19350155E+09 -0.52777622E+00  0.10302171E+03  0.16688340E+00  0.39081632E-01 -0.63493176E+02
  0.19462481E+09 -0.52526249E+00  0.10317757E+03  0.16742311E+00  0.39314896E-01 -0.63415679E+02
  0.19574893E+09 -0.52276127E+00  0.10333263E+03  0.16796154E+00  0.39548043E-01 -0.63338384E+02
  0.19687394E+09 -0.52027245E+00  0.10348690E+03  0.16849869E+00  0.39781074E-01 -0.63261292E+02
  0.19687394E+09 -0.52027245E+00  0.10348690E+03  0.16849869E+00  0.39781074E-01 -0.63261292E+02
  0.19799981E+09 -0.51779590E+00  0.10364037E+03  0.16903456E+00  0.40013989E-01 -0.63184402E+02
  0.19912655E+09 -0.51533150E+00  0.10379308E+03  0.16956915E+00  0.40246791E-01 -0.63107713E+02
  0.20025416E+09 -0.51287912E+00  0.10394501E+03  0.17010249E+00  0.40479479E-01 -0.63031224E+02
  0.20138264E+09 -0.51043865E+00  0.10409619E+03  0.17063456E+00  0.40712056E-01 -0.62954936E+02
  0.20251197E+09 -0.50800997E+00  0.10424662E+03  0.17116537E+00  0.40944523E-01 -0.62878848E+02
  0.20364217E+09 -0.50559296E+00  0.10439630E+03  0.17169494E+00  0.41176881E-01 -0.62802958E+02
  0.20477322E+09 -0.50318752E+00  0.10454525E+03  0.17222326E+00  0.41409131E-01 -0.62727266E+02
  0.20590512E+09 -0.50079352E+00  0.10469348E+03  0.17275034E+00  0.41641275E-01 -0.62651772E+02
  0.20703788E+09 -0.49841086E+00  0.10484099E+03  0.17327618E+00  0.41873314E-01 -0.62576476E+02
  0.20817149E+09 -0.49603943E+00  0.10498779E+03  0.17380079E+00  0.42105250E-01 -0.62501375E+02
  0.20817149E+09 -0.49603943E+00  0.10498779E+03  0.17380079E+00  0.42105250E-01 -0.62501375E+02
  0.20930594E+09 -0.49367913E+00  0.10513388E+03  0.17432417E+00  0.42337083E-01 -0.62426470E+02
  0.21044124E+09 -0.49132983E+00  0.10527928E+03  0.17484633E+00  0.42568816E-01 -0.62351761E+02
  0.21157738E+09 -0.48899145E+00  0.10542399E+03  0.17536727E+00  0.42800450E-01 -0.62277246E+02
  0.21271435E+09 -0.48666388E+00  0.10556802E+03  0.17588700E+00  0.43031985E-01 -0.62202924E+02
  0.21385217E+09 -0.48434701E+00  0.10571137E+03  0.17640552E+00  0.43263425E-01 -0.62128797E+02
  0.21499083E+09 -0.48204075E+00  0.10585406E+03  0.17692282E+00  0.43494769E-01 -0.62054861E+02
  0.21613031E+09 -0.47974500E+00  0.10599608E+03  0.17743893E+00  0.43726020E-01 -0.61981118E+02
  0.21727063E+09 -0.47745965E+00  0.10613745E+03  0.17795383E+00  0.43957178E-01 -0.61907566E+02
  0.21841178E+09 -0.47518462E+00  0.10627816E+03  0.17846754E+00  0.44188245E-01 -0.61834205E+02
  0.21955375E+09 -0.47291981E+00  0.10641824E+03  0.17898006E+00  0.44419223E-01 -0.61761033E+02
  0.21955375E+09 -0.47291981E+00  0.10641824E+03  0.17898006E+00  0.44419223E-01 -0.61761033E+02
  0.22069656E+09 -0.47066512E+00  0.10655767E+03  0.17949139E+00  0.44650113E-01 -0.61688052E+02
  0.22184018E+09 -0.46842047E+00  0.10669648E+03  0.18000153E+00  0.44880915E-01 -0.61615259E+02
  0.22298463E+09 -0.46618576E+00  0.10683466E+03  0.18051049E+00  0.45111632E-01 -0.61542655E+02
  0.22412989E+09 -0.46396090E+00  0.10697221E+03  0.18101827E+00  0.45342264E-01 -0.61470238E+02
  0.22527598E+09 -0.46174580E+00  0.10710915E+03  0.18152488E+00  0.45572812E-01 -0.61398008E+02
  0.22642288E+09 -0.45954037E+00  0.10724549E+03  0.18203031E+00  0.45803279E-01 -0.61325965E+02
  0.22757059E+09 -0.45734454E+00  0.10738121E+03  0.18253457E+00  0.46033664E-01 -0.61254108E+02
  0.22871912E+09 -0.45515821E+00  0.10751634E+03  0.18303766E+00  0.46263970E-01 -0.61182436E+02
  0.22986846E+09 -0.45298130E+00  0.10765088E+03  0.18353959E+00  0.46494196E-01 -0.61110949E+02
  0.23101860E+09 -0.45081372E+00  0.10778482E+03  0.18404036E+00  0.46724345E-01 -0.61039646E+02
  0.23101860E+09 -0.45081372E+00  0.10778482E+03  0.18404036E+00  0.46724345E-01 -0.61039646E+02
  0.23216956E+09 -0.44865540E+00  0.10791818E+03  0.18453997E+00  0.46954417E-01 -0.60968526E+02
  0.23332132E+09 -0.44650626E+00  0.10805096E+03  0.18503842E+00  0.47184412E-01 -0.60897590E+02
  0.23447388E+09 -0.44436621E+00  0.10818316E+03  0.18553572E+00  0.47414333E-01 -0.60826836E+02
  0.23562725E+09 -0.44223517E+00  0.10831480E+03  0.18603187E+00  0.47644179E-01 -0.60756264E+02
  0.23678142E+09 -0.44011307E+00  0.10844587E+03  0.18652686E+00  0.47873952E-01 -0.60685873E+02
  0.23793638E+09 -0.43799982E+00  0.10857638E+03  0.18702071E+00  0.48103651E-01 -0.60615663E+02
  0.23909215E+09 -0.43589537E+00  0.10870633E+03  0.18751342E+00  0.48333279E-01 -0.60545633E+02
  0.24024871E+09 -0.43379962E+00  0.10883573E+03  0.18800499E+00  0.48562836E-01 -0.60475783E+02
  0.24140606E+09 -0.43171251E+00  0.10896458E+03  0.18849541E+00  0.48792321E-01 -0.60406112E+02
  0.24256421E+09 -0.42963396E+00  0.10909288E+03  0.18898470E+00  0.49021736E-01 -0.60336620E+02
  0.24256421E+09 -0.42963396E+00  0.10909288E+03  0.18898470E+00  0.49021736E-01 -0.60336620E+02
  0.24372315E+09 -0.42756389E+00  0.10922065E+03  0.18947285E+00  0.49251082E-01 -0.60267306E+02
  0.24488288E+09 -0.42550225E+00  0.10934788E+03  0.18995986E+00  0.49480358E-01 -0.60198170E+02
  0.24604340E+09 -0.42344896E+00  0.10947458E+03  0.19044575E+00  0.49709566E-01 -0.60129210E+02
  0.24720471E+09 -0.42140394E+00  0.10960075E+03  0.19093050E+00  0.49938705E-01 -0.60060428E+02
  0.24836680E+09 -0.41936714E+00  0.10972640E+03  0.19141413E+00  0.50167776E-01 -0.59991821E+02
  0.24952968E+09 -0.41733847E+00  0.10985153E+03  0.19189663E+00  0.50396778E-01 -0.59923390E+02
  0.25069334E+09 -0.41531788E+00  0.10997614E+03  0.19237800E+00  0.50625714E-01 -0.59855134E+02
  0.25185778E+09 -0.41330530E+00  0.11010024E+03  0.19285825E+00  0.50854581E-01 -0.59787053E+02
  0.25302301E+09 -0.41130066E+00  0.11022383E+03  0.19333739E+00  0.51083382E-01 -0.59719146E+02
  0.25418901E+09 -0.40930391E+00  0.11034692E+03  0.19381540E+00  0.51312114E-01 -0.59651413E+02
  0.25418901E+09 -0.40930391E+00  0.11034692E+03  0.19381540E+00  0.51312114E-01 -0.59651413E+02
  0.25535579E+09 -0.40731496E+00  0.11046950E+03  0.19429229E+00  0.51540780E-01 -0.59583853E+02
  0.25652335E+09 -0.40533377E+00  0.11059158E+03  0.19476807E+00  0.51769378E-01 -0.59516466E+02
  0.25769169E+09 -0.40336027E+00  0.11071318E+03  0.19524273E+00  0.51997909E-01 -0.59449251E+02
  0.25886080E+09 -0.40139439E+00  0.11083428E+03  0.19571628E+00  0.52226372E-01 -0.59382208E+02
  0.26003068E+09 -0.39943608E+00  0.11095489E+03  0.19618872E+00  0.52454768E-01 -0.59315337E+02
  0.26120134E+09 -0.39748528E+00  0.11107502E+03  0.19666004E+00  0.52683095E-01 -0.59248636E+02
  0.26237276E+09 -0.39554193E+00  0.11119466E+03  0.19713026E+00  0.52911354E-01 -0.59182106E+02
  0.26354496E+09 -0.39360596E+00  0.11131383E+03  0.19759937E+00  0.53139545E-01 -0.59115746E+02
  0.26471793E+09 -0.39167732E+00  0.11143253E+03  0.19806737E+00  0.53367667E-01 -0.59049556E+02
  0.26589166E+09 -0.38975596E+00  0.11155075E+03  0.19853427E+00  0.53595720E-01 -0.58983536E+02
  0.26589166E+09 -0.38975596E+00  0.11155075E+03  0.19853427E+00  0.53595720E-01 -0.58983536E+02
  0.26706616E+09 -0.38784181E+00  0.11166850E+03  0.19900007E+00  0.53823703E-01 -0.58917684E+02
  0.26824143E+09 -0.38593483E+00  0.11178579E+03  0.19946476E+00  0.54051615E-01 -0.58852001E+02
  0.26941746E+09 -0.38403494E+00  0.11190262E+03  0.19992835E+00  0.54279457E-01 -0.58786485E+02
  0.27059425E+09 -0.38214211E+00  0.11201899E+03  0.20039084E+00  0.54507228E-01 -0.58721138E+02
  0.27177181E+09 -0.38025627E+00  0.11213490E+03  0.20085223E+00  0.54734927E-01 -0.58655957E+02
  0.27295013E+09 -0.37837737E+00  0.11225036E+03  0.20131252E+00  0.54962554E-01 -0.58590944E+02
  0.27412921E+09 -0.37650536E+00  0.11236537E+03  0.20177171E+00  0.55190107E-01 -0.58526097E+02
  0.27530905E+09 -0.37464019E+00  0.11247993E+03  0.20222981E+00  0.55417586E-01 -0.58461416E+02
  0.27648965E+09 -0.37278180E+00  0.11259405E+03  0.20268682E+00  0.55644991E-01 -0.58396900E+02
  0.27767100E+09 -0.37093015E+00  0.11270773E+03  0.20314273E+00  0.55872320E-01 -0.58332550E+02
  0.27767100E+09 -0.37093015E+00  0.11270773E+03  0.20314273E+00  0.55872320E-01 -0.58332550E+02
  0.27885312E+09 -0.36908518E+00  0.11282096E+03  0.20359754E+00  0.56099574E-01 -0.58268365E+02
  0.28003598E+09 -0.36724684E+00  0.11293377E+03  0.20405127E+00  0.56326750E-01 -0.58204344E+02
  0.28121961E+09 -0.36541508E+00  0.11304613E+03  0.20450390E+00  0.56553848E-01 -0.58140487E+02
  0.28240398E+09 -0.36358986E+00  0.11315807E+03  0.20495545E+00  0.56780868E-01 -0.58076794E+02
  0.28358911E+09 -0.36177112E+00  0.11326958E+03  0.20540590E+00  0.57007808E-01 -0.58013265E+02
  0.28477500E+09 -0.35995882E+00  0.11338067E+03  0.20585527E+00  0.57234668E-01 -0.57949898E+02
  0.28596163E+09 -0.35815291E+00  0.11349133E+03  0.20630355E+00  0.57461446E-01 -0.57886694E+02
  0.28714902E+09 -0.35635334E+00  0.11360157E+03  0.20675074E+00  0.57688142E-01 -0.57823652E+02
  0.28833715E+09 -0.35456007E+00  0.11371139E+03  0.20719685E+00  0.57914754E-01 -0.57760772E+02
  0.28952604E+09 -0.35277305E+00  0.11382080E+03  0.20764187E+00  0.58141283E-01 -0.57698053E+02
  0.28952604E+09 -0.35277305E+00  0.11382080E+03  0.20764187E+00  0.58141283E-01 -0.57698053E+02
  0.29071567E+09 -0.35099224E+00  0.11392980E+03  0.20808581E+00  0.58367726E-01 -0.57635495E+02
  0.29190605E+09 -0.34921758E+00  0.11403839E+03  0.20852866E+00  0.58594082E-01 -0.57573098E+02
  0.29309718E+09 -0.34744905E+00  0.11414657E+03  0.20897043E+00  0.58820352E-01 -0.57510860E+02
  0.29428905E+09 -0.34568658E+00  0.11425434E+03  0.20941113E+00  0.59046533E-01 -0.57448783E+02
  0.29548166E+09 -0.34393014E+00  0.11436171E+03  0.20985073E+00  0.59272625E-01 -0.57386865E+02
  0.29667503E+09 -0.34217969E+00  0.11446869E+03  0.21028926E+00  0.59498627E-01 -0.57325106E+02
  0.29786913E+09 -0.34043518E+00  0.11457526E+03  0.21072671E+00  0.59741178E-01 -0.57263505E+02
  0.29906398E+09 -0.33869657E+00  0.11468144E+03  0.21116308E+00  0.60020046E-01 -0.57202062E+02
  0.30025957E+09 -0.33696382E+00  0.11478722E+03  0.21159838E+00  0.60298804E-01 -0.57140778E+02
  0.30145590E+09 -0.33523689E+00  0.11489262E+03  0.21203259E+00  0.60577450E-01 -0.57079650E+02
  0.30145590E+09 -0.33523689E+00  0.11489262E+03  0.21203259E+00  0.60577450E-01 -0.57079650E+02
  0.30265298E+09 -0.33351573E+00  0.11499762E+03  0.21246573E+00  0.60855985E-01 -0.57018679E+02
  0.30385079E+09 -0.33180031E+00  0.11510224E+03  0.21289780E+00  0.61134408E-01 -0.56957864E+02
  0.30504934E+09 -0.33009059E+00  0.11520648E+03  0.21332878E+00  0.61412717E-01 -0.56897206E+02
  0.30624863E+09 -0.32838652E+00  0.11531033E+03  0.21375870E+00  0.61690912E-01 -0.56836702E+02
  0.30744866E+09 -0.32668807E+00  0.11541381E+03  0.21418754E+00  0.61968993E-01 -0.56776354E+02
  0.30864943E+09 -0.32499520E+00  0.11551690E+03  0.21461530E+00  0.62246958E-01 -0.56716160E+02
  0.30985093E+09 -0.32330787E+00  0.11561963E+03  0.21504200E+00  0.62524806E-01 -0.56656121E+02
  0.31105318E+09 -0.32162604E+00  0.11572197E+03  0.21546762E+00  0.62802539E-01 -0.56596234E+02
  0.31225615E+09 -0.31994968E+00  0.11582395E+03  0.21589217E+00  0.63080154E-01 -0.56536501E+02
  0.31345986E+09 -0.31827874E+00  0.11592556E+03  0.21631565E+00  0.63357651E-01 -0.56476921E+02
  0.31345986E+09 -0.31827874E+00  0.11592556E+03  0.21631565E+00  0.63357651E-01 -0.56476921E+02
  0.31466431E+09 -0.31661319E+00  0.11602680E+03  0.21673806E+00  0.63635030E-01 -0.56417492E+02
  0.31586949E+09 -0.31495300E+00  0.11612767E+03  0.21715941E+00  0.63912290E-01 -0.56358215E+02
  0.31707540E+09 -0.31329813E+00  0.11622819E+03  0.21757968E+00  0.64189431E-01 -0.56299089E+02
  0.31828205E+09 -0.31164854E+00  0.11632834E+03  0.21799889E+00  0.64466452E-01 -0.56240113E+02
  0.31948943E+09 -0.31000419E+00  0.11642813E+03  0.21841702E+00  0.64743353E-01 -0.56181287E+02
  0.32069754E+09 -0.30836506E+00  0.11652757E+03  0.21883410E+00  0.65020134E-01 -0.56122611E+02
  0.32190638E+09 -0.30673110E+00  0.11662665E+03  0.21925010E+00  0.65296793E-01 -0.56064083E+02
  0.32311595E+09 -0.30510228E+00  0.11672538E+03  0.21966504E+00  0.65573332E-01 -0.56005704E+02
  0.32432625E+09 -0.30347858E+00  0.11682376E+03  0.22007892E+00  0.65849749E-01 -0.55947472E+02
  0.32553728E+09 -0.30185995E+00  0.11692179E+03  0.22049173E+00  0.66126045E-01 -0.55889387E+02
  0.32553728E+09 -0.30185995E+00  0.11692179E+03  0.22049173E+00  0.66126045E-01 -0.55889387E+02
  0.32674904E+09 -0.30024636E+00  0.11701947E+03  0.22090348E+00  0.66402219E-01 -0.55831449E+02
  0.32796153E+09 -0.29863777E+00  0.11711681E+03  0.22131416E+00  0.66678271E-01 -0.55773657E+02
  0.32917475E+09 -0.29703417E+00  0.11721380E+03  0.22172379E+00  0.66954201E-01 -0.55716011E+02
  0.33038869E+09 -0.29543550E+00  0.11731045E+03  0.22213235E+00  0.67230009E-01 -0.55658509E+02
  0.33160337E+09 -0.29384175E+00  0.11740677E+03  0.22253985E+00  0.67505694E-01 -0.55601151E+02
  0.33281877E+09 -0.29225287E+00  0.11750274E+03  0.22294629E+00  0.67781258E-01 -0.55543937E+02
  0.33403489E+09 -0.29066885E+00  0.11759838E+03  0.22335168E+00  0.68056698E-01 -0.55486866E+02
  0.33525174E+09 -0.28908964E+00  0.11769369E+03  0.22375600E+00  0.68332017E-01 -0.55429937E+02
  0.33646932E+09 -0.28751521E+00  0.11778866E+03  0.22415927E+00  0.68607213E-01 -0.55373150E+02
  0.33768762E+09 -0.28594554E+00  0.11788330E+03  0.22456148E+00  0.68882286E-01 -0.55316504E+02
  0.33768762E+09 -0.28594554E+00  0.11788330E+03  0.22456148E+00  0.68882286E-01 -0.55316504E+02
  0.33890665E+09 -0.28438059E+00  0.11797761E+03  0.22496263E+00  0.69157237E-01 -0.55259998E+02
  0.34012640E+09 -0.28282034E+00  0.11807160E+03  0.22536273E+00  0.69432066E-01 -0.55203632E+02
  0.34134687E+09 -0.28126475E+00  0.11816526E+03  0.22576177E+00  0.69706773E-01 -0.55147406E+02
  0.34256807E+09 -0.27971380E+00  0.11825860E+03  0.22615975E+00  0.69981358E-01 -0.55091318E+02
  0.34378999E+09 -0.27816745E+00  0.11835161E+03  0.22655669E+00  0.70255821E-01 -0.55035368E+02
  0.34501263E+09 -0.27662568E+00  0.11844431E+03  0.22695257E+00  0.70530162E-01 -0.54979555E+02
  0.34623600E+09 -0.27508846E+00  0.11853668E+03  0.22734740E+00  0.70804381E-01 -0.54923879E+02
  0.34746008E+09 -0.27355576E+00  0.11862874E+03  0.22774117E+00  0.71078479E-01 -0.54868339E+02
  0.34868489E+09 -0.27202755E+00  0.11872049E+03  0.22813390E+00  0.71352455E-01 -0.54812935E+02
  0.34991042E+09 -0.27050380E+00  0.11881192E+03  0.22852558E+00  0.71626310E-01 -0.54757665E+02
  0.34991042E+09 -0.27050380E+00  0.11881192E+03  0.22852558E+00  0.71626310E-01 -0.54757665E+02
  0.35113667E+09 -0.26898449E+00  0.11890304E+03  0.22891620E+00  0.71900044E-01 -0.54702529E+02
  0.35236364E+09 -0.26746958E+00  0.11899385E+03  0.22930578E+00  0.72173657E-01 -0.54647527E+02
  0.35359134E+09 -0.26595906E+00  0.11908435E+03  0.22969431E+00  0.72447150E-01 -0.54592658E+02
  0.35481975E+09 -0.26445290E+00  0.11917454E+03  0.23008179E+00  0.72720521E-01 -0.54537921E+02
  0.35604888E+09 -0.26295106E+00  0.11926443E+03  0.23046823E+00  0.72993772E-01 -0.54483316E+02
  0.35727873E+09 -0.26145352E+00  0.11935401E+03  0.23085362E+00  0.73266903E-01 -0.54428841E+02
  0.35850929E+09 -0.25996026E+00  0.11944329E+03  0.23123797E+00  0.73539914E-01 -0.54374497E+02
  0.35974058E+09 -0.25847125E+00  0.11953227E+03  0.23162127E+00  0.73812805E-01 -0.54320282E+02
  0.36097259E+09 -0.25698646E+00  0.11962095E+03  0.23200354E+00  0.74085576E-01 -0.54266197E+02
  0.36220531E+09 -0.25550587E+00  0.11970934E+03  0.23238475E+00  0.74358227E-01 -0.54212240E+02
  0.36220531E+09 -0.25550587E+00  0.11970934E+03  0.23238475E+00  0.74358227E-01 -0.54212240E+02
  0.36343875E+09 -0.25402945E+00  0.11979742E+03  0.23276493E+00  0.74630758E-01 -0.54158411E+02
  0.36467291E+09 -0.25255718E+00  0.11988521E+03  0.23314407E+00  0.74903171E-01 -0.54104709E+02
  0.36590778E+09 -0.25108903E+00  0.11997271E+03  0.23352217E+00  0.75175463E-01 -0.54051134E+02
  0.36714337E+09 -0.24962499E+00  0.12005992E+03  0.23389923E+00  0.75447636E-01 -0.53997684E+02
  0.36837968E+09 -0.24816501E+00  0.12014684E+03  0.23427525E+00  0.75719691E-01 -0.53944360E+02
  0.36961670E+09 -0.24670909E+00  0.12023347E+03  0.23465023E+00  0.75991626E-01 -0.53891161E+02
  0.37085444E+09 -0.24525719E+00  0.12031981E+03  0.23502418E+00  0.76263441E-01 -0.53838086E+02
  0.37209290E+09 -0.24380930E+00  0.12040586E+03  0.23539709E+00  0.76535138E-01 -0.53785135E+02
  0.37333207E+09 -0.24236538E+00  0.12049163E+03  0.23576897E+00  0.76806716E-01 -0.53732307E+02
  0.37457196E+09 -0.24092542E+00  0.12057712E+03  0.23613982E+00  0.77078174E-01 -0.53679601E+02
  0.37457196E+09 -0.24092542E+00  0.12057712E+03  0.23613982E+00  0.77078174E-01 -0.53679601E+02
  0.37581256E+09 -0.23948939E+00  0.12066232E+03  0.23650963E+00  0.77349513E-01 -0.53627017E+02
  0.37705387E+09 -0.23805727E+00  0.12074725E+03  0.23687841E+00  0.77620733E-01 -0.53574554E+02
  0.37829591E+09 -0.23662904E+00  0.12083190E+03  0.23724616E+00  0.77891834E-01 -0.53522212E+02
  0.37953865E+09 -0.23520467E+00  0.12091627E+03  0.23761288E+00  0.78162816E-01 -0.53469990E+02
  0.38078211E+09 -0.23378414E+00  0.12100036E+03  0.23797858E+00  0.78433678E-01 -0.53417888E+02
  0.38202628E+09 -0.23236744E+00  0.12108418E+03  0.23834324E+00  0.78704421E-01 -0.53365905E+02
  0.38327117E+09 -0.23095453E+00  0.12116772E+03  0.23870688E+00  0.78975044E-01 -0.53314040E+02
  0.38451677E+09 -0.22954539E+00  0.12125099E+03  0.23906949E+00  0.79245547E-01 -0.53262293E+02
  0.38576308E+09 -0.22814001E+00  0.12133400E+03  0.23943108E+00  0.79515929E-01 -0.53210663E+02
  0.38701011E+09 -0.22673837E+00  0.12141673E+03  0.23979165E+00  0.79786192E-01 -0.53159151E+02
  0.38701011E+09 -0.22673837E+00  0.12141673E+03  0.23979165E+00  0.79786192E-01 -0.53159151E+02
  0.38825785E+09 -0.22534043E+00  0.12149919E+03  0.24015119E+00  0.80056334E-01 -0.53107755E+02
  0.38950630E+09 -0.22394619E+00  0.12158139E+03  0.24050971E+00  0.80326356E-01 -0.53056474E+02
  0.39075547E+09 -0.22255562E+00  0.12166332E+03  0.24086721E+00  0.80596256E-01 -0.53005309E+02
  0.39200534E+09 -0.22116869E+00  0.12174499E+03  0.24122369E+00  0.80866035E-01 -0.52954258E+02
  0.39325593E+09 -0.21978540E+00  0.12182640E+03  0.24157915E+00  0.81135692E-01 -0.52903322E+02
  0.39450723E+09 -0.21840571E+00  0.12190754E+03  0.24193360E+00  0.81405228E-01 -0.52852500E+02
  0.39575925E+09 -0.21702961E+00  0.12198842E+03  0.24228702E+00  0.81674640E-01 -0.52801791E+02
  0.39701197E+09 -0.21565708E+00  0.12206905E+03  0.24263944E+00  0.81943930E-01 -0.52751194E+02
  0.39826541E+09 -0.21428809E+00  0.12214941E+03  0.24299084E+00  0.82213097E-01 -0.52700710E+02
  0.39951956E+09 -0.21292264E+00  0.12222952E+03  0.24334122E+00  0.82482140E-01 -0.52650338E+02
  0.39951956E+09 -0.21292264E+00  0.12222952E+03  0.24334122E+00  0.82482140E-01 -0.52650338E+02
  0.40077441E+09 -0.21156069E+00  0.12230938E+03  0.24369059E+00  0.82751059E-01 -0.52600077E+02
  0.40202999E+09 -0.21020223E+00  0.12238898E+03  0.24403896E+00  0.83019854E-01 -0.52549927E+02
  0.40328627E+09 -0.20884725E+00  0.12246832E+03  0.24438631E+00  0.83288523E-01 -0.52499887E+02
  0.40454326E+09 -0.20749571E+00  0.12254742E+03  0.24473266E+00  0.83557066E-01 -0.52449957E+02
  0.40580096E+09 -0.20614761E+00  0.12262626E+03  0.24507799E+00  0.83825484E-01 -0.52400136E+02
  0.40705937E+09 -0.20480292E+00  0.12270486E+03  0.24542232E+00  0.84093774E-01 -0.52350425E+02
  0.40831850E+09 -0.20346162E+00  0.12278321E+03  0.24576565E+00  0.84361937E-01 -0.52300822E+02
  0.40957833E+09 -0.20212371E+00  0.12286131E+03  0.24610797E+00  0.84629972E-01 -0.52251327E+02
  0.41083888E+09 -0.20078915E+00  0.12293916E+03  0.24644929E+00  0.84897878E-01 -0.52201940E+02
  0.41210013E+09 -0.19945793E+00  0.12301677E+03  0.24678961E+00  0.85165654E-01 -0.52152660E+02
  0.41210013E+09 -0.19945793E+00  0.12301677E+03  0.24678961E+00  0.85165654E-01 -0.52152660E+02
  0.41336210E+09 -0.19813003E+00  0.12309414E+03  0.24712892E+00  0.85433301E-01 -0.52103486E+02
  0.41462477E+09 -0.19680543E+00  0.12317126E+03  0.24746724E+00  0.85700816E-01 -0.52054420E+02
  0.41588815E+09 -0.19548413E+00  0.12324815E+03  0.24780456E+00  0.85968200E-01 -0.52005459E+02
  0.41715225E+09 -0.19416609E+00  0.12332479E+03  0.24814088E+00  0.86235452E-01 -0.51956603E+02
  0.41841705E+09 -0.19285130E+00  0.12340119E+03  0.24847621E+00  0.86502571E-01 -0.51907853E+02
  0.41968256E+09 -0.19153975E+00  0.12347736E+03  0.24881054E+00  0.86769555E-01 -0.51859207E+02
  0.42094879E+09 -0.19023142E+00  0.12355329E+03  0.24914388E+00  0.87036405E-01 -0.51810666E+02
  0.42221572E+09 -0.18892628E+00  0.12362898E+03  0.24947623E+00  0.87303119E-01 -0.51762229E+02
  0.42348336E+09 -0.18762433E+00  0.12370444E+03  0.24980759E+00  0.87569696E-01 -0.51713895E+02
  0.42475171E+09 -0.18632554E+00  0.12377967E+03  0.25013796E+00  0.87836136E-01 -0.51665664E+02
  0.42475171E+09 -0.18632554E+00  0.12377967E+03  0.25013796E+00  0.87836136E-01 -0.51665664E+02
  0.42602077E+09 -0.18502991E+00  0.12385466E+03  0.25046734E+00  0.88102438E-01 -0.51617536E+02
  0.42729054E+09 -0.18373740E+00  0.12392942E+03  0.25079573E+00  0.88368600E-01 -0.51569511E+02
  0.42856102E+09 -0.18244802E+00  0.12400395E+03  0.25112314E+00  0.88634623E-01 -0.51521587E+02
  0.42983220E+09 -0.18116173E+00  0.12407825E+03  0.25144956E+00  0.88900503E-01 -0.51473765E+02
  0.43110410E+09 -0.17987853E+00  0.12415233E+03  0.25177500E+00  0.89166242E-01 -0.51426044E+02
  0.43237670E+09 -0.17859839E+00  0.12422618E+03  0.25209946E+00  0.89431837E-01 -0.51378424E+02
  0.43365001E+09 -0.17732131E+00  0.12429980E+03  0.25242294E+00  0.89697288E-01 -0.51330905E+02
  0.43492404E+09 -0.17604727E+00  0.12437319E+03  0.25274544E+00  0.89962594E-01 -0.51283486E+02
  0.43619877E+09 -0.17477625E+00  0.12444637E+03  0.25306696E+00  0.90227753E-01 -0.51236166E+02
  0.43747421E+09 -0.17350823E+00  0.12451932E+03  0.25338751E+00  0.90492765E-01 -0.51188946E+02
  0.43747421E+09 -0.17350823E+00  0.12451932E+03  0.25338751E+00  0.90492765E-01 -0.51188946E+02
  0.43875035E+09 -0.17224320E+00  0.12459204E+03  0.25370708E+00  0.90757627E-01 -0.51141826E+02
  0.44002721E+09 -0.17098115E+00  0.12466455E+03  0.25402568E+00  0.91022341E-01 -0.51094804E+02
  0.44130477E+09 -0.16972205E+00  0.12473684E+03  0.25434331E+00  0.91286903E-01 -0.51047880E+02
  0.44258305E+09 -0.16846591E+00  0.12480890E+03  0.25465996E+00  0.91551313E-01 -0.51001055E+02
  0.44386203E+09 -0.16721269E+00  0.12488075E+03  0.25497565E+00  0.91815570E-01 -0.50954327E+02
  0.44514172E+09 -0.16596238E+00  0.12495239E+03  0.25529037E+00  0.92079672E-01 -0.50907697E+02
  0.44642212E+09 -0.16471498E+00  0.12502380E+03  0.25560412E+00  0.92343618E-01 -0.50861164E+02
  0.44770322E+09 -0.16347046E+00  0.12509500E+03  0.25591690E+00  0.92607408E-01 -0.50814728E+02
  0.44898504E+09 -0.16222881E+00  0.12516599E+03  0.25622873E+00  0.92871039E-01 -0.50768388E+02
  0.45026756E+09 -0.16099002E+00  0.12523677E+03  0.25653959E+00  0.93134511E-01 -0.50722145E+02
  0.45026756E+09 -0.16099002E+00  0.12523677E+03  0.25653959E+00  0.93134511E-01 -0.50722145E+02
  0.45155079E+09 -0.15975407E+00  0.12530733E+03  0.25684949E+00  0.93397822E-01 -0.50675997E+02
  0.45283473E+09 -0.15852095E+00  0.12537768E+03  0.25715843E+00  0.93660971E-01 -0.50629945E+02
  0.45411938E+09 -0.15729064E+00  0.12544782E+03  0.25746641E+00  0.93923956E-01 -0.50583988E+02
  0.45540473E+09 -0.15606314E+00  0.12551775E+03  0.25777343E+00  0.94186777E-01 -0.50538127E+02
  0.45669080E+09 -0.15483842E+00  0.12558747E+03  0.25807950E+00  0.94449431E-01 -0.50492360E+02
  0.45797757E+09 -0.15361647E+00  0.12565699E+03  0.25838462E+00  0.94711919E-01 -0.50446688E+02
  0.45926505E+09 -0.15239728E+00  0.12572630E+03  0.25868878E+00  0.94974237E-01 -0.50401109E+02
  0.46055324E+09 -0.15118084E+00  0.12579540E+03  0.25899200E+00  0.95236385E-01 -0.50355625E+02
  0.46184214E+09 -0.14996712E+00  0.12586430E+03  0.25929426E+00  0.95498362E-01 -0.50310234E+02
  0.46313174E+09 -0.14875613E+00  0.12593300E+03  0.25959558E+00  0.95760165E-01 -0.50264937E+02
  0.46313174E+09 -0.14875613E+00  0.12593300E+03  0.25959558E+00  0.95760165E-01 -0.50264937E+02
  0.46442206E+09 -0.14754784E+00  0.12600149E+03  0.25989595E+00  0.96021794E-01 -0.50219732E+02
  0.46571308E+09 -0.14634224E+00  0.12606978E+03  0.26019537E+00  0.96283247E-01 -0.50174621E+02
  0.46700481E+09 -0.14513932E+00  0.12613787E+03  0.26049386E+00  0.96544522E-01 -0.50129602E+02
  0.46829725E+09 -0.14393907E+00  0.12620576E+03  0.26079140E+00  0.96805619E-01 -0.50084675E+02
  0.46959040E+09 -0.14274147E+00  0.12627345E+03  0.26108800E+00  0.97066536E-01 -0.50039840E+02
  0.47088425E+09 -0.14154651E+00  0.12634094E+03  0.26138366E+00  0.97327270E-01 -0.49995097E+02
  0.47217882E+09 -0.14035418E+00  0.12640823E+03  0.26167838E+00  0.97587822E-01 -0.49950446E+02
  0.47347409E+09 -0.13916446E+00  0.12647533E+03  0.26197217E+00  0.97848188E-01 -0.49905885E+02
  0.47477007E+09 -0.13797735E+00  0.12654223E+03  0.26226502E+00  0.98108368E-01 -0.49861416E+02
  0.47606676E+09 -0.13679282E+00  0.12660894E+03  0.26255694E+00  0.98368360E-01 -0.49817038E+02
  0.47606676E+09 -0.13679282E+00  0.12660894E+03  0.26255694E+00  0.98368360E-01 -0.49817038E+02
  0.47736416E+09 -0.13561087E+00  0.12667545E+03  0.26284794E+00  0.98628163E-01 -0.49772750E+02
  0.47866226E+09 -0.13443149E+00  0.12674176E+03  0.26313800E+00  0.98887775E-01 -0.49728552E+02
  0.47996108E+09 -0.13325466E+00  0.12680789E+03  0.26342713E+00  0.99147194E-01 -0.49684445E+02
  0.48126060E+09 -0.13208037E+00  0.12687382E+03  0.26371534E+00  0.99406419E-01 -0.49640427E+02
  0.48256083E+09 -0.13090861E+00  0.12693957E+03  0.26400262E+00  0.99665449E-01 -0.49596499E+02
  0.48386178E+09 -0.12973936E+00  0.12700512E+03  0.26428898E+00  0.99924281E-01 -0.49552660E+02
  0.48516343E+09 -0.12857263E+00  0.12707048E+03  0.26457441E+00  0.10018291E+00 -0.49508910E+02
  0.48646578E+09 -0.12740838E+00  0.12713566E+03  0.26485893E+00  0.10044135E+00 -0.49465250E+02
  0.48776885E+09 -0.12624662E+00  0.12720065E+03  0.26514253E+00  0.10069958E+00 -0.49421678E+02
  0.48907263E+09 -0.12508732E+00  0.12726545E+03  0.26542521E+00  0.10095761E+00 -0.49378194E+02
  0.48907263E+09 -0.12508732E+00  0.12726545E+03  0.26542521E+00  0.10095761E+00 -0.49378194E+02
  0.49037711E+09 -0.12393049E+00  0.12733006E+03  0.26570698E+00  0.10121543E+00 -0.49334799E+02
  0.49168231E+09 -0.12277610E+00  0.12739449E+03  0.26598783E+00  0.10147304E+00 -0.49291492E+02
  0.49298821E+09 -0.12162415E+00  0.12745874E+03  0.26626777E+00  0.10173045E+00 -0.49248272E+02
  0.49429482E+09 -0.12047462E+00  0.12752280E+03  0.26654680E+00  0.10198765E+00 -0.49205141E+02
  0.49560214E+09 -0.11932750E+00  0.12758668E+03  0.26682492E+00  0.10224463E+00 -0.49162096E+02
  0.49691018E+09 -0.11818279E+00  0.12765037E+03  0.26710213E+00  0.10250140E+00 -0.49119139E+02
  0.49821892E+09 -0.11704047E+00  0.12771389E+03  0.26737844E+00  0.10275796E+00 -0.49076269E+02
  0.49952837E+09 -0.11590052E+00  0.12777722E+03  0.26765385E+00  0.10301430E+00 -0.49033486E+02
  0.50083852E+09 -0.11476295E+00  0.12784038E+03  0.26792835E+00  0.10327042E+00 -0.48990789E+02
  0.50214939E+09 -0.11362774E+00  0.12790335E+03  0.26820195E+00  0.10352633E+00 -0.48948179E+02
  0.50214939E+09 -0.11362774E+00  0.12790335E+03  0.26820195E+00  0.10352633E+00 -0.48948179E+02
  0.50346097E+09 -0.11249487E+00  0.12796615E+03  0.26847465E+00  0.10378201E+00 -0.48905654E+02
  0.50477326E+09 -0.11136434E+00  0.12802877E+03  0.26874646E+00  0.10403746E+00 -0.48863216E+02
  0.50608626E+09 -0.11023613E+00  0.12809121E+03  0.26901737E+00  0.10429270E+00 -0.48820864E+02
  0.50739996E+09 -0.10911025E+00  0.12815348E+03  0.26928738E+00  0.10454770E+00 -0.48778597E+02
  0.50871438E+09 -0.10798666E+00  0.12821557E+03  0.26955650E+00  0.10480248E+00 -0.48736415E+02
  0.51002951E+09 -0.10686537E+00  0.12827749E+03  0.26982474E+00  0.10505703E+00 -0.48694319E+02
  0.51134535E+09 -0.10574637E+00  0.12833923E+03  0.27009208E+00  0.10531135E+00 -0.48652307E+02
  0.51266189E+09 -0.10462964E+00  0.12840080E+03  0.27035853E+00  0.10556544E+00 -0.48610380E+02
  0.51397915E+09 -0.10351518E+00  0.12846220E+03  0.27062410E+00  0.10581929E+00 -0.48568538E+02
  0.51529712E+09 -0.10240296E+00  0.12852342E+03  0.27088879E+00  0.10607291E+00 -0.48526780E+02
  0.51529712E+09 -0.10240296E+00  0.12852342E+03  0.27088879E+00  0.10607291E+00 -0.48526780E+02
  0.51661580E+09 -0.10129300E+00  0.12858448E+03  0.27115259E+00  0.10632628E+00 -0.48485106E+02
  0.51793519E+09 -0.10018526E+00  0.12864536E+03  0.27141551E+00  0.10657942E+00 -0.48443516E+02
  0.51925529E+09 -0.99079751E-01  0.12870608E+03  0.27167756E+00  0.10683232E+00 -0.48402010E+02
  0.52057610E+09 -0.97976455E-01  0.12876662E+03  0.27193872E+00  0.10708498E+00 -0.48360587E+02
  0.52189762E+09 -0.96875363E-01  0.12882700E+03  0.27219901E+00  0.10733739E+00 -0.48319248E+02
  0.52321985E+09 -0.95776465E-01  0.12888721E+03  0.27245843E+00  0.10758956E+00 -0.48277992E+02
  0.52454280E+09 -0.94679752E-01  0.12894725E+03  0.27271698E+00  0.10784149E+00 -0.48236818E+02
  0.52586645E+09 -0.93585215E-01  0.12900713E+03  0.27297465E+00  0.10809316E+00 -0.48195727E+02
  0.52719082E+09 -0.92492843E-01  0.12906684E+03  0.27323146E+00  0.10834458E+00 -0.48154718E+02
  0.52851589E+09 -0.91402628E-01  0.12912639E+03  0.27348739E+00  0.10859576E+00 -0.48113792E+02
  0.52851589E+09 -0.91402628E-01  0.12912639E+03  0.27348739E+00  0.10859576E+00 -0.48113792E+02
  0.52984168E+09 -0.90314559E-01  0.12918577E+03  0.27374247E+00  0.10884668E+00 -0.48072948E+02
  0.53116818E+09 -0.89228628E-01  0.12924499E+03  0.27399668E+00  0.10909735E+00 -0.48032185E+02
  0.53249539E+09 -0.88144825E-01  0.12930405E+03  0.27425002E+00  0.10934776E+00 -0.47991504E+02
  0.53382332E+09 -0.87063140E-01  0.12936294E+03  0.27450251E+00  0.10959791E+00 -0.47950904E+02
  0.53515195E+09 -0.85983566E-01  0.12942167E+03  0.27475414E+00  0.10984781E+00 -0.47910385E+02
  0.53648130E+09 -0.84906092E-01  0.12948025E+03  0.27500491E+00  0.11009745E+00 -0.47869947E+02
  0.53781136E+09 -0.83830709E-01  0.12953866E+03  0.27525483E+00  0.11034682E+00 -0.47829589E+02
  0.53914213E+09 -0.82757409E-01  0.12959691E+03  0.27550389E+00  0.11059594E+00 -0.47789312E+02
  0.54047361E+09 -0.81686183E-01  0.12965500E+03  0.27575211E+00  0.11084479E+00 -0.47749115E+02
  0.54180581E+09 -0.80617021E-01  0.12971294E+03  0.27599947E+00  0.11109338E+00 -0.47708998E+02
  0.54180581E+09 -0.80617021E-01  0.12971294E+03  0.27599947E+00  0.11109338E+00 -0.47708998E+02
  0.54313872E+09 -0.79549915E-01  0.12977072E+03  0.27624599E+00  0.11134170E+00 -0.47668960E+02
  0.54447234E+09 -0.78484857E-01  0.12982834E+03  0.27649166E+00  0.11158975E+00 -0.47629002E+02
  0.54580667E+09 -0.77421836E-01  0.12988580E+03  0.27673648E+00  0.11183753E+00 -0.47589123E+02
  0.54714172E+09 -0.76360845E-01  0.12994311E+03  0.27698046E+00  0.11208505E+00 -0.47549322E+02
  0.54847748E+09 -0.75301876E-01  0.13000027E+03  0.27722360E+00  0.11233229E+00 -0.47509600E+02
  0.54981396E+09 -0.74244918E-01  0.13005727E+03  0.27746591E+00  0.11257926E+00 -0.47469956E+02
  0.55115114E+09 -0.73189965E-01  0.13011411E+03  0.27770737E+00  0.11282596E+00 -0.47430391E+02
  0.55248905E+09 -0.72137007E-01  0.13017080E+03  0.27794800E+00  0.11307238E+00 -0.47390903E+02
  0.55382766E+09 -0.71086037E-01  0.13022734E+03  0.27818780E+00  0.11331853E+00 -0.47351492E+02
  0.55516699E+09 -0.70037045E-01  0.13028373E+03  0.27842676E+00  0.11356439E+00 -0.47312159E+02
  0.55516699E+09 -0.70037045E-01  0.13028373E+03  0.27842676E+00  0.11356439E+00 -0.47312159E+02
  0.55650703E+09 -0.68990023E-01  0.13033997E+03  0.27866489E+00  0.11380999E+00 -0.47272902E+02
  0.55784779E+09 -0.67944964E-01  0.13039605E+03  0.27890220E+00  0.11405530E+00 -0.47233723E+02
  0.55918926E+09 -0.66901859E-01  0.13045199E+03  0.27913868E+00  0.11430033E+00 -0.47194619E+02
  0.56053144E+09 -0.65860700E-01  0.13050777E+03  0.27937433E+00  0.11454508E+00 -0.47155592E+02
  0.56187434E+09 -0.64821478E-01  0.13056341E+03  0.27960916E+00  0.11478955E+00 -0.47116640E+02
  0.56321796E+09 -0.63784187E-01  0.13061890E+03  0.27984317E+00  0.11503374E+00 -0.47077763E+02
  0.56456228E+09 -0.62748817E-01  0.13067424E+03  0.28007636E+00  0.11527764E+00 -0.47038962E+02
  0.56590733E+09 -0.61715361E-01  0.13072943E+03  0.28030873E+00  0.11552125E+00 -0.47000236E+02
  0.56725309E+09 -0.60683811E-01  0.13078448E+03  0.28054029E+00  0.11576458E+00 -0.46961584E+02
  0.56859956E+09 -0.59654159E-01  0.13083938E+03  0.28077103E+00  0.11600763E+00 -0.46923006E+02
  0.56859956E+09 -0.59654159E-01  0.13083938E+03  0.28077103E+00  0.11600763E+00 -0.46923006E+02
  0.56994675E+09 -0.58626397E-01  0.13089413E+03  0.28100096E+00  0.11625038E+00 -0.46884503E+02
  0.57129466E+09 -0.57600517E-01  0.13094874E+03  0.28123008E+00  0.11649285E+00 -0.46846072E+02
  0.57264328E+09 -0.56576513E-01  0.13100321E+03  0.28145839E+00  0.11673502E+00 -0.46807715E+02
  0.57399261E+09 -0.55554375E-01  0.13105753E+03  0.28168590E+00  0.11697691E+00 -0.46769431E+02
  0.57534267E+09 -0.54534098E-01  0.13111171E+03  0.28191260E+00  0.11721850E+00 -0.46731220E+02
  0.57669343E+09 -0.53515672E-01  0.13116574E+03  0.28213850E+00  0.11745980E+00 -0.46693081E+02
  0.57804492E+09 -0.52499090E-01  0.13121964E+03  0.28236359E+00  0.11770081E+00 -0.46655014E+02
  0.57939712E+09 -0.51484346E-01  0.13127339E+03  0.28258789E+00  0.11794152E+00 -0.46617018E+02
  0.58075004E+09 -0.50471431E-01  0.13132700E+03  0.28281139E+00  0.11818194E+00 -0.46579094E+02
  0.58210367E+09 -0.49460338E-01  0.13138047E+03  0.28303409E+00  0.11842206E+00 -0.46541241E+02
  0.58210367E+09 -0.49460338E-01  0.13138047E+03  0.28303409E+00  0.11842206E+00 -0.46541241E+02
  0.58345803E+09 -0.48451060E-01  0.13143380E+03  0.28325600E+00  0.11866189E+00 -0.46503459E+02
  0.58481310E+09 -0.47443589E-01  0.13148699E+03  0.28347711E+00  0.11890142E+00 -0.46465747E+02
  0.58616888E+09 -0.46437919E-01  0.13154004E+03  0.28369744E+00  0.11914065E+00 -0.46428105E+02
  0.58752539E+09 -0.45434041E-01  0.13159296E+03  0.28391698E+00  0.11937958E+00 -0.46390532E+02
  0.58888261E+09 -0.44431950E-01  0.13164573E+03  0.28413573E+00  0.11961821E+00 -0.46353029E+02
  0.59024055E+09 -0.43431637E-01  0.13169837E+03  0.28435370E+00  0.11985654E+00 -0.46315595E+02
  0.59159921E+09 -0.42433096E-01  0.13175087E+03  0.28457088E+00  0.12009457E+00 -0.46278229E+02
  0.59295858E+09 -0.41436319E-01  0.13180324E+03  0.28478728E+00  0.12033230E+00 -0.46240932E+02
  0.59431868E+09 -0.40441300E-01  0.13185545E+03  0.28500291E+00  0.12056973E+00 -0.46203703E+02
  0.59567949E+09 -0.39448032E-01  0.13190667E+03  0.28521776E+00  0.12080685E+00 -0.46166541E+02
  0.59567949E+09 -0.39448032E-01  0.13190667E+03  0.28521776E+00  0.12080685E+00 -0.46166541E+02
  0.59704102E+09 -0.38456507E-01  0.13195776E+03  0.28543183E+00  0.12104367E+00 -0.46129447E+02
  0.59840327E+09 -0.37466719E-01  0.13200870E+03  0.28564512E+00  0.12128019E+00 -0.46092420E+02
  0.59976624E+09 -0.36478661E-01  0.13205951E+03  0.28585765E+00  0.12151640E+00 -0.46055459E+02
  0.60112993E+09 -0.35492326E-01  0.13211018E+03  0.28606941E+00  0.12175230E+00 -0.46018565E+02
  0.60249434E+09 -0.34507708E-01  0.13216072E+03  0.28628040E+00  0.12198790E+00 -0.45981736E+02
  0.60385947E+09 -0.33524799E-01  0.13221112E+03  0.28649062E+00  0.12222319E+00 -0.45944974E+02
  0.60522531E+09 -0.32543593E-01  0.13226138E+03  0.28670008E+00  0.12245817E+00 -0.45908276E+02
  0.60659188E+09 -0.31564084E-01  0.13231151E+03  0.28690877E+00  0.12269285E+00 -0.45871644E+02
  0.60795917E+09 -0.30586264E-01  0.13236151E+03  0.28711671E+00  0.12292722E+00 -0.45835076E+02
  0.60932718E+09 -0.29610128E-01  0.13241137E+03  0.28732388E+00  0.12316127E+00 -0.45798572E+02
  0.60932718E+09 -0.29610128E-01  0.13241137E+03  0.28732388E+00  0.12316127E+00 -0.45798572E+02
  0.61069591E+09 -0.28635668E-01  0.13246110E+03  0.28753030E+00  0.12339502E+00 -0.45762133E+02
  0.61206536E+09 -0.27662878E-01  0.13251069E+03  0.28773597E+00  0.12362845E+00 -0.45725757E+02
  0.61343553E+09 -0.26691752E-01  0.13256016E+03  0.28794088E+00  0.12386158E+00 -0.45689444E+02
  0.61480642E+09 -0.25722284E-01  0.13260949E+03  0.28814504E+00  0.12409439E+00 -0.45653194E+02
  0.61617803E+09 -0.24754466E-01  0.13265870E+03  0.28834845E+00  0.12432689E+00 -0.45617007E+02
  0.61755037E+09 -0.23788292E-01  0.13270777E+03  0.28855111E+00  0.12455908E+00 -0.45580883E+02
  0.61892343E+09 -0.22823757E-01  0.13275671E+03  0.28875303E+00  0.12479095E+00 -0.45544820E+02
  0.62029721E+09 -0.21860854E-01  0.13280553E+03  0.28895421E+00  0.12502251E+00 -0.45508819E+02
  0.62167171E+09 -0.20899577E-01  0.13285421E+03  0.28915464E+00  0.12525375E+00 -0.45472879E+02
  0.62304693E+09 -0.19939919E-01  0.13290277E+03  0.28935433E+00  0.12548468E+00 -0.45437001E+02
  0.62304693E+09 -0.19939919E-01  0.13290277E+03  0.28935433E+00  0.12548468E+00 -0.45437001E+02
  0.62442287E+09 -0.18981874E-01  0.13295120E+03  0.28955329E+00  0.12571529E+00 -0.45401183E+02
  0.62579954E+09 -0.18025437E-01  0.13299950E+03  0.28975151E+00  0.12594558E+00 -0.45365425E+02
  0.62717693E+09 -0.17070601E-01  0.13304768E+03  0.28994899E+00  0.12617556E+00 -0.45329728E+02
  0.62855505E+09 -0.16117359E-01  0.13309573E+03  0.29014575E+00  0.12640522E+00 -0.45294091E+02
  0.62993389E+09 -0.15165707E-01  0.13314365E+03  0.29034177E+00  0.12663456E+00 -0.45258513E+02
  0.63131345E+09 -0.14215638E-01  0.13319146E+03  0.29053706E+00  0.12686358E+00 -0.45222994E+02
  0.63269373E+09 -0.13267145E-01  0.13323913E+03  0.29073163E+00  0.12709228E+00 -0.45187534E+02
  0.63407474E+09 -0.12320224E-01  0.13328668E+03  0.29092547E+00  0.12732066E+00 -0.45152133E+02
  0.63545648E+09 -0.11374868E-01  0.13333411E+03  0.29111859E+00  0.12754872E+00 -0.45116790E+02
  0.63683893E+09 -0.10431072E-01  0.13338142E+03  0.29131099E+00  0.12777646E+00 -0.45081505E+02
  0.63683893E+09 -0.10431072E-01  0.13338142E+03  0.29131099E+00  0.12777646E+00 -0.45081505E+02
  0.63822212E+09 -0.94888289E-02  0.13342860E+03  0.29150267E+00  0.12800387E+00 -0.45046278E+02
  0.63960602E+09 -0.85481335E-02  0.13347566E+03  0.29169363E+00  0.12823097E+00 -0.45011108E+02
  0.64099066E+09 -0.76089801E-02  0.13352260E+03  0.29188388E+00  0.12845774E+00 -0.44975996E+02
  0.64237601E+09 -0.66713629E-02  0.13356942E+03  0.29207341E+00  0.12868418E+00 -0.44940940E+02
  0.64376210E+09 -0.57352762E-02  0.13361612E+03  0.29226224E+00  0.12891031E+00 -0.44905941E+02
  0.64514890E+09 -0.48007144E-02  0.13366270E+03  0.29245035E+00  0.12913610E+00 -0.44870998E+02
  0.64653644E+09 -0.38676717E-02  0.13370916E+03  0.29263775E+00  0.12936157E+00 -0.44836111E+02
  0.64792470E+09 -0.29361426E-02  0.13375550E+03  0.29282445E+00  0.12958672E+00 -0.44801280E+02
  0.64931369E+09 -0.20061215E-02  0.13380172E+03  0.29301045E+00  0.12981154E+00 -0.44766504E+02
  0.65070340E+09 -0.10776028E-02  0.13384782E+03  0.29319574E+00  0.13003603E+00 -0.44731784E+02
  0.65070340E+09 -0.10776028E-02  0.13384782E+03  0.29319574E+00  0.13003603E+00 -0.44731784E+02
  0.65209384E+09 -0.15058102E-03  0.13389381E+03  0.29338033E+00  0.13026019E+00 -0.44697119E+02
  0.66464054E+09  0.81261497E-02  0.13430247E+03  0.29501046E+00  0.13226280E+00 -0.44387560E+02
  0.66464054E+09  0.81261497E-02  0.13430247E+03  0.29501046E+00  0.13226280E+00 -0.44387560E+02
  0.67865058E+09  0.17185546E-01  0.13474581E+03  0.29675703E+00  0.13445617E+00 -0.44048583E+02
  0.67865058E+09  0.17185546E-01  0.13474581E+03  0.29675703E+00  0.13445617E+00 -0.44048583E+02
  0.69273375E+09  0.26105667E-01  0.13517826E+03  0.29843733E+00  0.13661554E+00 -0.43714625E+02
  0.69273375E+09  0.26105667E-01  0.13517826E+03  0.29843733E+00  0.13661554E+00 -0.43714625E+02
  0.70689028E+09  0.34891333E-01  0.13560025E+03  0.30005321E+00  0.13874030E+00 -0.43385485E+02
  0.70689028E+09  0.34891333E-01  0.13560025E+03  0.30005321E+00  0.13874030E+00 -0.43385485E+02
  0.72112043E+09  0.43547120E-01  0.13601214E+03  0.30160649E+00  0.14082987E+00 -0.43060982E+02
  0.72112043E+09  0.43547120E-01  0.13601214E+03  0.30160649E+00  0.14082987E+00 -0.43060982E+02
  0.73542444E+09  0.52077377E-01  0.13641431E+03  0.30309900E+00  0.14288368E+00 -0.42740955E+02
  0.73542444E+09  0.52077377E-01  0.13641431E+03  0.30309900E+00  0.14288368E+00 -0.42740955E+02
  0.74980256E+09  0.60486241E-01  0.13680710E+03  0.30453251E+00  0.14490116E+00 -0.42425259E+02
  0.74980256E+09  0.60486241E-01  0.13680710E+03  0.30453251E+00  0.14490116E+00 -0.42425259E+02
  0.76425507E+09  0.68777649E-01  0.13719083E+03  0.30590879E+00  0.14688179E+00 -0.42113768E+02
  0.76425507E+09  0.68777649E-01  0.13719083E+03  0.30590879E+00  0.14688179E+00 -0.42113768E+02
  0.77878222E+09  0.76955351E-01  0.13756582E+03  0.30722954E+00  0.14882510E+00 -0.41806367E+02
  0.77878222E+09  0.76955351E-01  0.13756582E+03  0.30722954E+00  0.14882510E+00 -0.41806367E+02
  0.79338430E+09  0.85022924E-01  0.13793237E+03  0.30849646E+00  0.15073063E+00 -0.41502956E+02
  0.79338430E+09  0.85022924E-01  0.13793237E+03  0.30849646E+00  0.15073063E+00 -0.41502956E+02
  0.80806158E+09  0.92983778E-01  0.13829076E+03  0.30971121E+00  0.15259797E+00 -0.41203447E+02
  0.80806158E+09  0.92983778E-01  0.13829076E+03  0.30971121E+00  0.15259797E+00 -0.41203447E+02
  0.82281433E+09  0.10084117E+00  0.13864126E+03  0.31087540E+00  0.15442676E+00 -0.40907763E+02
  0.82281433E+09  0.10084117E+00  0.13864126E+03  0.31087540E+00  0.15442676E+00 -0.40907763E+02
  0.83764286E+09  0.10859821E+00  0.13898413E+03  0.31199061E+00  0.15621669E+00 -0.40615840E+02
  0.83764286E+09  0.10859821E+00  0.13898413E+03  0.31199061E+00  0.15621669E+00 -0.40615840E+02
  0.85254744E+09  0.11625788E+00  0.13931962E+03  0.31305837E+00  0.15796750E+00 -0.40327621E+02
  0.85254744E+09  0.11625788E+00  0.13931962E+03  0.31305837E+00  0.15796750E+00 -0.40327621E+02
  0.86752838E+09  0.12382301E+00  0.13964795E+03  0.31408020E+00  0.15967897E+00 -0.40043060E+02
  0.86752838E+09  0.12382301E+00  0.13964795E+03  0.31408020E+00  0.15967897E+00 -0.40043060E+02
  0.88258597E+09  0.13129634E+00  0.13996935E+03  0.31505755E+00  0.16135095E+00 -0.39762115E+02
  0.88258597E+09  0.13129634E+00  0.13996935E+03  0.31505755E+00  0.16135095E+00 -0.39762115E+02
  0.89772051E+09  0.13868047E+00  0.14028405E+03  0.31599184E+00  0.16298337E+00 -0.39484748E+02
  0.89772051E+09  0.13868047E+00  0.14028405E+03  0.31599184E+00  0.16298337E+00 -0.39484748E+02
  0.91293231E+09  0.14597790E+00  0.14059223E+03  0.31688445E+00  0.16457618E+00 -0.39210918E+02
  0.91293231E+09  0.14597790E+00  0.14059223E+03  0.31688445E+00  0.16457618E+00 -0.39210918E+02
  0.92822168E+09  0.15319103E+00  0.14089411E+03  0.31773673E+00  0.16612946E+00 -0.38940581E+02
  0.92822168E+09  0.15319103E+00  0.14089411E+03  0.31773673E+00  0.16612946E+00 -0.38940581E+02
  0.94358894E+09  0.16032216E+00  0.14118987E+03  0.31854999E+00  0.16764332E+00 -0.38673682E+02
  0.94358894E+09  0.16032216E+00  0.14118987E+03  0.31854999E+00  0.16764332E+00 -0.38673682E+02
  0.95903439E+09  0.16737350E+00  0.14147970E+03  0.31932548E+00  0.16911798E+00 -0.38410155E+02
  0.95903439E+09  0.16737350E+00  0.14147970E+03  0.31932548E+00  0.16911798E+00 -0.38410155E+02
  0.97455836E+09  0.17434717E+00  0.14176375E+03  0.32006445E+00  0.17055369E+00 -0.38149916E+02
  0.97455836E+09  0.17434717E+00  0.14176375E+03  0.32006445E+00  0.17055369E+00 -0.38149916E+02
  0.99016118E+09  0.18124522E+00  0.14204222E+03  0.32076810E+00  0.17195080E+00 -0.37892870E+02
  0.99016118E+09  0.18124522E+00  0.14204222E+03  0.32076810E+00  0.17195080E+00 -0.37892870E+02
  0.10058432E+10  0.18806959E+00  0.14231524E+03  0.32143759E+00  0.17330968E+00 -0.37638906E+02
  0.10058432E+10  0.18806959E+00  0.14231524E+03  0.32143759E+00  0.17330968E+00 -0.37638906E+02
  0.10216047E+10  0.19482219E+00  0.14258299E+03  0.32207406E+00  0.17463075E+00 -0.37387906E+02
  0.10216047E+10  0.19482219E+00  0.14258299E+03  0.32207406E+00  0.17463075E+00 -0.37387906E+02
  0.10374460E+10  0.20150482E+00  0.14284560E+03  0.32267862E+00  0.17591446E+00 -0.37139746E+02
  0.10374460E+10  0.20150482E+00  0.14284560E+03  0.32267862E+00  0.17591446E+00 -0.37139746E+02
  0.10533675E+10  0.20811924E+00  0.14310323E+03  0.32325234E+00  0.17716124E+00 -0.36894299E+02
  0.10533675E+10  0.20811924E+00  0.14310323E+03  0.32325234E+00  0.17716124E+00 -0.36894299E+02
  0.10693695E+10  0.21466713E+00  0.14335600E+03  0.32379628E+00  0.17837157E+00 -0.36651444E+02
  0.10693695E+10  0.21466713E+00  0.14335600E+03  0.32379628E+00  0.17837157E+00 -0.36651444E+02
  0.10854524E+10  0.22115012E+00  0.14360405E+03  0.32431145E+00  0.17954589E+00 -0.36411062E+02
  0.10854524E+10  0.22115012E+00  0.14360405E+03  0.32431145E+00  0.17954589E+00 -0.36411062E+02
  0.11016166E+10  0.22756978E+00  0.14384752E+03  0.32479884E+00  0.18068466E+00 -0.36173047E+02
  0.11016166E+10  0.22756978E+00  0.14384752E+03  0.32479884E+00  0.18068466E+00 -0.36173047E+02
  0.11178622E+10  0.23392761E+00  0.14408651E+03  0.32525943E+00  0.18178832E+00 -0.35937299E+02
  0.11178622E+10  0.23392761E+00  0.14408651E+03  0.32525943E+00  0.18178832E+00 -0.35937299E+02
  0.11341898E+10  0.24022507E+00  0.14432116E+03  0.32569414E+00  0.18285730E+00 -0.35703727E+02
  0.11341898E+10  0.24022507E+00  0.14432116E+03  0.32569414E+00  0.18285730E+00 -0.35703727E+02
  0.11505997E+10  0.24646358E+00  0.14455157E+03  0.32610388E+00  0.18389205E+00 -0.35472253E+02
  0.11505997E+10  0.24646358E+00  0.14455157E+03  0.32610388E+00  0.18389205E+00 -0.35472253E+02
  0.11670922E+10  0.25264449E+00  0.14477787E+03  0.32648952E+00  0.18489297E+00 -0.35242807E+02
  0.11670922E+10  0.25264449E+00  0.14477787E+03  0.32648952E+00  0.18489297E+00 -0.35242807E+02
  0.11836677E+10  0.25876912E+00  0.14500014E+03  0.32685193E+00  0.18586051E+00 -0.35015327E+02
  0.11836677E+10  0.25876912E+00  0.14500014E+03  0.32685193E+00  0.18586051E+00 -0.35015327E+02
  0.12003265E+10  0.26483873E+00  0.14521850E+03  0.32719193E+00  0.18679508E+00 -0.34789758E+02
  0.12003265E+10  0.26483873E+00  0.14521850E+03  0.32719193E+00  0.18679508E+00 -0.34789758E+02
  0.12170691E+10  0.27085457E+00  0.14543305E+03  0.32751030E+00  0.18769711E+00 -0.34566055E+02
  0.12170691E+10  0.27085457E+00  0.14543305E+03  0.32751030E+00  0.18769711E+00 -0.34566055E+02
  0.12338958E+10  0.27681781E+00  0.14564388E+03  0.32780783E+00  0.18856703E+00 -0.34344175E+02
  0.12338958E+10  0.27681781E+00  0.14564388E+03  0.32780783E+00  0.18856703E+00 -0.34344175E+02
  0.12508069E+10  0.28272960E+00  0.14585108E+03  0.32808524E+00  0.18940527E+00 -0.34124084E+02
  0.12508069E+10  0.28272960E+00  0.14585108E+03  0.32808524E+00  0.18940527E+00 -0.34124084E+02
  0.12678029E+10  0.28859106E+00  0.14605475E+03  0.32834327E+00  0.19021226E+00 -0.33905749E+02
  0.12678029E+10  0.28859106E+00  0.14605475E+03  0.32834327E+00  0.19021226E+00 -0.33905749E+02
  0.12848841E+10  0.29440327E+00  0.14625498E+03  0.32858261E+00  0.19098844E+00 -0.33689145E+02
  0.12848841E+10  0.29440327E+00  0.14625498E+03  0.32858261E+00  0.19098844E+00 -0.33689145E+02
  0.13020509E+10  0.30016727E+00  0.14645183E+03  0.32880392E+00  0.19173426E+00 -0.33474248E+02
  0.13020509E+10  0.30016727E+00  0.14645183E+03  0.32880392E+00  0.19173426E+00 -0.33474248E+02
  0.13193036E+10  0.30588407E+00  0.14664541E+03  0.32900784E+00  0.19245017E+00 -0.33261036E+02
  0.13193036E+10  0.30588407E+00  0.14664541E+03  0.32900784E+00  0.19245017E+00 -0.33261036E+02
  0.13366427E+10  0.31155466E+00  0.14683578E+03  0.32919500E+00  0.19313661E+00 -0.33049494E+02
  0.13366427E+10  0.31155466E+00  0.14683578E+03  0.32919500E+00  0.19313661E+00 -0.33049494E+02
  0.13540686E+10  0.31717998E+00  0.14702302E+03  0.32936600E+00  0.19379405E+00 -0.32839605E+02
  0.13540686E+10  0.31717998E+00  0.14702302E+03  0.32936600E+00  0.19379405E+00 -0.32839605E+02
  0.13715816E+10  0.32276096E+00  0.14720721E+03  0.32952142E+00  0.19442294E+00 -0.32631357E+02
  0.13715816E+10  0.32276096E+00  0.14720721E+03  0.32952142E+00  0.19442294E+00 -0.32631357E+02
  0.13891821E+10  0.32829849E+00  0.14738841E+03  0.32966180E+00  0.19502375E+00 -0.32424740E+02
  0.13891821E+10  0.32829849E+00  0.14738841E+03  0.32966180E+00  0.19502375E+00 -0.32424740E+02
  0.14068705E+10  0.33379344E+00  0.14756670E+03  0.32978769E+00  0.19559695E+00 -0.32219746E+02
  0.14068705E+10  0.33379344E+00  0.14756670E+03  0.32978769E+00  0.19559695E+00 -0.32219746E+02
  0.14246472E+10  0.33924666E+00  0.14774215E+03  0.32989959E+00  0.19614300E+00 -0.32016369E+02
  0.14246472E+10  0.33924666E+00  0.14774215E+03  0.32989959E+00  0.19614300E+00 -0.32016369E+02
  0.14425127E+10  0.34465896E+00  0.14791481E+03  0.32999802E+00  0.19666240E+00 -0.31814605E+02
  0.14425127E+10  0.34465896E+00  0.14791481E+03  0.32999802E+00  0.19666240E+00 -0.31814605E+02
  0.14604672E+10  0.35003113E+00  0.14808475E+03  0.33008343E+00  0.19715561E+00 -0.31614452E+02
  0.14604672E+10  0.35003113E+00  0.14808475E+03  0.33008343E+00  0.19715561E+00 -0.31614452E+02
  0.14785113E+10  0.35536396E+00  0.14825203E+03  0.33015629E+00  0.19762312E+00 -0.31415910E+02
  0.14785113E+10  0.35536396E+00  0.14825203E+03  0.33015629E+00  0.19762312E+00 -0.31415910E+02
  0.14966453E+10  0.36065819E+00  0.14841672E+03  0.33021704E+00  0.19806541E+00 -0.31218980E+02
  0.14966453E+10  0.36065819E+00  0.14841672E+03  0.33021704E+00  0.19806541E+00 -0.31218980E+02
  0.15148696E+10  0.36591456E+00  0.14857886E+03  0.33026611E+00  0.19848299E+00 -0.31023663E+02
  0.15148696E+10  0.36591456E+00  0.14857886E+03  0.33026611E+00  0.19848299E+00 -0.31023663E+02
  0.15331846E+10  0.37113376E+00  0.14873852E+03  0.33030390E+00  0.19887634E+00 -0.30829964E+02
  0.15331846E+10  0.37113376E+00  0.14873852E+03  0.33030390E+00  0.19887634E+00 -0.30829964E+02
  0.15515908E+10  0.37631650E+00  0.14889575E+03  0.33033080E+00  0.19924596E+00 -0.30637885E+02
  0.15515908E+10  0.37631650E+00  0.14889575E+03  0.33033080E+00  0.19924596E+00 -0.30637885E+02
  0.15700885E+10  0.38146345E+00  0.14905060E+03  0.33034720E+00  0.19959235E+00 -0.30447428E+02
  0.15700885E+10  0.38146345E+00  0.14905060E+03  0.33034720E+00  0.19959235E+00 -0.30447428E+02
  0.15886782E+10  0.38657525E+00  0.14920312E+03  0.33035344E+00  0.19991603E+00 -0.30258594E+02
  0.15886782E+10  0.38657525E+00  0.14920312E+03  0.33035344E+00  0.19991603E+00 -0.30258594E+02
  0.16073603E+10  0.39165255E+00  0.14935336E+03  0.33034989E+00  0.20021750E+00 -0.30071381E+02
  0.16073603E+10  0.39165255E+00  0.14935336E+03  0.33034989E+00  0.20021750E+00 -0.30071381E+02
  0.16261352E+10  0.39669597E+00  0.14950137E+03  0.33033687E+00  0.20049726E+00 -0.29885783E+02
  0.16261352E+10  0.39669597E+00  0.14950137E+03  0.33033687E+00  0.20049726E+00 -0.29885783E+02
  0.16450033E+10  0.40170610E+00  0.14964720E+03  0.33031471E+00  0.20082600E+00 -0.29701791E+02
  0.16450033E+10  0.40170610E+00  0.14964720E+03  0.33031471E+00  0.20082600E+00 -0.29701791E+02
  0.16639651E+10  0.40668354E+00  0.14979089E+03  0.33028371E+00  0.20130494E+00 -0.29519390E+02
  0.16639651E+10  0.40668354E+00  0.14979089E+03  0.33028371E+00  0.20130494E+00 -0.29519390E+02
  0.16830210E+10  0.41162886E+00  0.14993249E+03  0.33024418E+00  0.20175996E+00 -0.29338560E+02
  0.16830210E+10  0.41162886E+00  0.14993249E+03  0.33024418E+00  0.20175996E+00 -0.29338560E+02
  0.17021714E+10  0.41654262E+00  0.15007204E+03  0.33019641E+00  0.20219155E+00 -0.29159276E+02
  0.17021714E+10  0.41654262E+00  0.15007204E+03  0.33019641E+00  0.20219155E+00 -0.29159276E+02
  0.17214168E+10  0.42142536E+00  0.15020958E+03  0.33014067E+00  0.20260018E+00 -0.28981507E+02
  0.17214168E+10  0.42142536E+00  0.15020958E+03  0.33014067E+00  0.20260018E+00 -0.28981507E+02
  0.17407576E+10  0.42627761E+00  0.15034515E+03  0.33007723E+00  0.20298633E+00 -0.28805218E+02
  0.17407576E+10  0.42627761E+00  0.15034515E+03  0.33007723E+00  0.20298633E+00 -0.28805218E+02
  0.17601942E+10  0.43109990E+00  0.15047880E+03  0.33000635E+00  0.20335045E+00 -0.28630372E+02
  0.17601942E+10  0.43109990E+00  0.15047880E+03  0.33000635E+00  0.20335045E+00 -0.28630372E+02
  0.17797270E+10  0.43589272E+00  0.15061055E+03  0.32992829E+00  0.20369297E+00 -0.28456930E+02
  0.17797270E+10  0.43589272E+00  0.15061055E+03  0.32992829E+00  0.20369297E+00 -0.28456930E+02
  0.17993566E+10  0.44065656E+00  0.15074046E+03  0.32984329E+00  0.20401431E+00 -0.28284849E+02
  0.17993566E+10  0.44065656E+00  0.15074046E+03  0.32984329E+00  0.20401431E+00 -0.28284849E+02
  0.18190834E+10  0.44539192E+00  0.15086855E+03  0.32975158E+00  0.20431490E+00 -0.28114090E+02
  0.18190834E+10  0.44539192E+00  0.15086855E+03  0.32975158E+00  0.20431490E+00 -0.28114090E+02
  0.18389077E+10  0.45009926E+00  0.15099486E+03  0.32965339E+00  0.20459511E+00 -0.27944612E+02
  0.18389077E+10  0.45009926E+00  0.15099486E+03  0.32965339E+00  0.20459511E+00 -0.27944612E+02
  0.18588301E+10  0.45477903E+00  0.15111943E+03  0.32954895E+00  0.20485533E+00 -0.27776377E+02
  0.18588301E+10  0.45477903E+00  0.15111943E+03  0.32954895E+00  0.20485533E+00 -0.27776377E+02
  0.18788511E+10  0.45943168E+00  0.15124229E+03  0.32943846E+00  0.20509593E+00 -0.27609352E+02
  0.18788511E+10  0.45943168E+00  0.15124229E+03  0.32943846E+00  0.20509593E+00 -0.27609352E+02
