  -659.27204266562035     
  -642.79024159897983     
  -626.30844053233932     
  -609.82663946569880     
  -593.34483839905829     
  -576.86303733241778     
  -560.38123626577726     
  -543.89943519913675     
  -527.41763413249623     
  -510.93583306585572     
  -494.45403199921520     
  -477.97223093257469     
  -461.49042986593417     
  -445.00862879929372     
  -428.52682773265320     
  -412.04502666601269     
  -395.56322559937217     
  -379.08142453273166     
  -362.59962346609115     
  -346.11782239945063     
  -329.63602133281017     
  -313.15422026616966     
  -296.67241919952914     
  -280.19061813288863     
  -263.70881706624812     
  -247.22701599960760     
  -230.74521493296709     
  -214.26341386632660     
  -197.78161279968609     
  -181.29981173304557     
  -164.81801066640509     
  -148.33620959976457     
  -131.85440853312406     
  -115.37260746648354     
  -98.890806399843044     
  -82.409005333202543     
  -65.927204266562029     
  -49.445403199921522     
  -32.963602133281015     
  -16.481801066640507     
   0.0000000000000000     
   16.481801066640507     
   32.963602133281015     
   49.445403199921522     
   65.927204266562029     
   82.409005333202543     
   98.890806399843044     
   115.37260746648354     
   131.85440853312406     
   148.33620959976457     
   164.81801066640509     
   181.29981173304557     
   197.78161279968609     
   214.26341386632660     
   230.74521493296709     
   247.22701599960760     
   263.70881706624812     
   280.19061813288863     
   296.67241919952914     
   313.15422026616966     
   329.63602133281017     
   346.11782239945063     
   362.59962346609115     
   379.08142453273166     
   395.56322559937217     
   412.04502666601269     
   428.52682773265320     
   445.00862879929372     
   461.49042986593417     
   477.97223093257469     
   494.45403199921520     
   510.93583306585572     
   527.41763413249623     
   543.89943519913675     
   560.38123626577726     
   576.86303733241778     
   593.34483839905829     
   609.82663946569880     
   626.30844053233932     
   642.79024159897983     
   659.27204266562035     
